Black is 12011014, white is 12011439
white in: /data.12011439
black in: /data.12011014
Chessboard input is: 
[[ 0  0  0  0  0  0  0  0]
 [ 0  0  0  0  0  0  0  0]
 [ 0  0  0  0  0  0  0  0]
 [ 0  0  0  1 -1  0  0  0]
 [ 0  0  0 -1  1  0  0  0]
 [ 0  0  0  0  0  0  0  0]
 [ 0  0  0  0  0  0  0  0]
 [ 0  0  0  0  0  0  0  0]]
['12011014', '1', '0', 2, 3, -1, [[0, 0, 0, 0, 0, 0, 0, 0], [0, 0, 0, 0, 0, 0, 0, 0], [0, 0, 0, -1, 0, 0, 0, 0], [0, 0, 0, -1, -1, 0, 0, 0], [0, 0, 0, -1, 1, 0, 0, 0], [0, 0, 0, 0, 0, 0, 0, 0], [0, 0, 0, 0, 0, 0, 0, 0], [0, 0, 0, 0, 0, 0, 0, 0]]]
Use Time: 3.220437526702881, This step timeout is False
The candidate list of user is: [(2, 3), (3, 2), (4, 5), (5, 4), (2, 3)]
Chessboard output is: 
[[ 0  0  0  0  0  0  0  0]
 [ 0  0  0  0  0  0  0  0]
 [ 0  0  0 -1  0  0  0  0]
 [ 0  0  0 -1 -1  0  0  0]
 [ 0  0  0 -1  1  0  0  0]
 [ 0  0  0  0  0  0  0  0]
 [ 0  0  0  0  0  0  0  0]
 [ 0  0  0  0  0  0  0  0]]
-----------------
Chessboard input is: 
[[ 0  0  0  0  0  0  0  0]
 [ 0  0  0  0  0  0  0  0]
 [ 0  0  0 -1  0  0  0  0]
 [ 0  0  0 -1 -1  0  0  0]
 [ 0  0  0 -1  1  0  0  0]
 [ 0  0  0  0  0  0  0  0]
 [ 0  0  0  0  0  0  0  0]
 [ 0  0  0  0  0  0  0  0]]
['12011014', '1', '0', 4, 2, 1, [[0, 0, 0, 0, 0, 0, 0, 0], [0, 0, 0, 0, 0, 0, 0, 0], [0, 0, 0, -1, 0, 0, 0, 0], [0, 0, 0, -1, -1, 0, 0, 0], [0, 0, 1, 1, 1, 0, 0, 0], [0, 0, 0, 0, 0, 0, 0, 0], [0, 0, 0, 0, 0, 0, 0, 0], [0, 0, 0, 0, 0, 0, 0, 0]]]
Use Time: 2.0715420246124268, This step timeout is False
The candidate list of user is: [(2, 2), (2, 4), (4, 2), (4, 2), (4, 2)]
Chessboard output is: 
[[ 0  0  0  0  0  0  0  0]
 [ 0  0  0  0  0  0  0  0]
 [ 0  0  0 -1  0  0  0  0]
 [ 0  0  0 -1 -1  0  0  0]
 [ 0  0  1  1  1  0  0  0]
 [ 0  0  0  0  0  0  0  0]
 [ 0  0  0  0  0  0  0  0]
 [ 0  0  0  0  0  0  0  0]]
-----------------
Chessboard input is: 
[[ 0  0  0  0  0  0  0  0]
 [ 0  0  0  0  0  0  0  0]
 [ 0  0  0 -1  0  0  0  0]
 [ 0  0  0 -1 -1  0  0  0]
 [ 0  0  1  1  1  0  0  0]
 [ 0  0  0  0  0  0  0  0]
 [ 0  0  0  0  0  0  0  0]
 [ 0  0  0  0  0  0  0  0]]
['12011014', '1', '0', 5, 3, -1, [[0, 0, 0, 0, 0, 0, 0, 0], [0, 0, 0, 0, 0, 0, 0, 0], [0, 0, 0, -1, 0, 0, 0, 0], [0, 0, 0, -1, -1, 0, 0, 0], [0, 0, 1, -1, 1, 0, 0, 0], [0, 0, 0, -1, 0, 0, 0, 0], [0, 0, 0, 0, 0, 0, 0, 0], [0, 0, 0, 0, 0, 0, 0, 0]]]
Use Time: 1.0149524211883545, This step timeout is False
The candidate list of user is: [(5, 1), (5, 2), (5, 3), (5, 4), (5, 5), (5, 3)]
Chessboard output is: 
[[ 0  0  0  0  0  0  0  0]
 [ 0  0  0  0  0  0  0  0]
 [ 0  0  0 -1  0  0  0  0]
 [ 0  0  0 -1 -1  0  0  0]
 [ 0  0  1 -1  1  0  0  0]
 [ 0  0  0 -1  0  0  0  0]
 [ 0  0  0  0  0  0  0  0]
 [ 0  0  0  0  0  0  0  0]]
-----------------
Chessboard input is: 
[[ 0  0  0  0  0  0  0  0]
 [ 0  0  0  0  0  0  0  0]
 [ 0  0  0 -1  0  0  0  0]
 [ 0  0  0 -1 -1  0  0  0]
 [ 0  0  1 -1  1  0  0  0]
 [ 0  0  0 -1  0  0  0  0]
 [ 0  0  0  0  0  0  0  0]
 [ 0  0  0  0  0  0  0  0]]
['12011014', '1', '0', 2, 4, 1, [[0, 0, 0, 0, 0, 0, 0, 0], [0, 0, 0, 0, 0, 0, 0, 0], [0, 0, 0, -1, 1, 0, 0, 0], [0, 0, 0, 1, 1, 0, 0, 0], [0, 0, 1, -1, 1, 0, 0, 0], [0, 0, 0, -1, 0, 0, 0, 0], [0, 0, 0, 0, 0, 0, 0, 0], [0, 0, 0, 0, 0, 0, 0, 0]]]
Use Time: 3.9397788047790527, This step timeout is False
The candidate list of user is: [(2, 2), (2, 4), (2, 4), (6, 2), (6, 4), (2, 4), (2, 4)]
Chessboard output is: 
[[ 0  0  0  0  0  0  0  0]
 [ 0  0  0  0  0  0  0  0]
 [ 0  0  0 -1  1  0  0  0]
 [ 0  0  0  1  1  0  0  0]
 [ 0  0  1 -1  1  0  0  0]
 [ 0  0  0 -1  0  0  0  0]
 [ 0  0  0  0  0  0  0  0]
 [ 0  0  0  0  0  0  0  0]]
-----------------
Chessboard input is: 
[[ 0  0  0  0  0  0  0  0]
 [ 0  0  0  0  0  0  0  0]
 [ 0  0  0 -1  1  0  0  0]
 [ 0  0  0  1  1  0  0  0]
 [ 0  0  1 -1  1  0  0  0]
 [ 0  0  0 -1  0  0  0  0]
 [ 0  0  0  0  0  0  0  0]
 [ 0  0  0  0  0  0  0  0]]
['12011014', '1', '0', 3, 1, -1, [[0, 0, 0, 0, 0, 0, 0, 0], [0, 0, 0, 0, 0, 0, 0, 0], [0, 0, 0, -1, 1, 0, 0, 0], [0, -1, 0, 1, 1, 0, 0, 0], [0, 0, -1, -1, 1, 0, 0, 0], [0, 0, 0, -1, 0, 0, 0, 0], [0, 0, 0, 0, 0, 0, 0, 0], [0, 0, 0, 0, 0, 0, 0, 0]]]
Use Time: 2.243211269378662, This step timeout is False
The candidate list of user is: [(2, 5), (3, 1), (3, 5), (4, 1), (4, 5), (3, 1)]
Chessboard output is: 
[[ 0  0  0  0  0  0  0  0]
 [ 0  0  0  0  0  0  0  0]
 [ 0  0  0 -1  1  0  0  0]
 [ 0 -1  0  1  1  0  0  0]
 [ 0  0 -1 -1  1  0  0  0]
 [ 0  0  0 -1  0  0  0  0]
 [ 0  0  0  0  0  0  0  0]
 [ 0  0  0  0  0  0  0  0]]
-----------------
Chessboard input is: 
[[ 0  0  0  0  0  0  0  0]
 [ 0  0  0  0  0  0  0  0]
 [ 0  0  0 -1  1  0  0  0]
 [ 0 -1  0  1  1  0  0  0]
 [ 0  0 -1 -1  1  0  0  0]
 [ 0  0  0 -1  0  0  0  0]
 [ 0  0  0  0  0  0  0  0]
 [ 0  0  0  0  0  0  0  0]]
['12011014', '1', '0', 5, 2, 1, [[0, 0, 0, 0, 0, 0, 0, 0], [0, 0, 0, 0, 0, 0, 0, 0], [0, 0, 0, -1, 1, 0, 0, 0], [0, -1, 0, 1, 1, 0, 0, 0], [0, 0, -1, 1, 1, 0, 0, 0], [0, 0, 1, -1, 0, 0, 0, 0], [0, 0, 0, 0, 0, 0, 0, 0], [0, 0, 0, 0, 0, 0, 0, 0]]]
Use Time: 4.702575206756592, This step timeout is False
The candidate list of user is: [(1, 2), (1, 3), (2, 2), (4, 1), (5, 1), (5, 2), (6, 2), (6, 3), (5, 2), (5, 2)]
Chessboard output is: 
[[ 0  0  0  0  0  0  0  0]
 [ 0  0  0  0  0  0  0  0]
 [ 0  0  0 -1  1  0  0  0]
 [ 0 -1  0  1  1  0  0  0]
 [ 0  0 -1  1  1  0  0  0]
 [ 0  0  1 -1  0  0  0  0]
 [ 0  0  0  0  0  0  0  0]
 [ 0  0  0  0  0  0  0  0]]
-----------------
Chessboard input is: 
[[ 0  0  0  0  0  0  0  0]
 [ 0  0  0  0  0  0  0  0]
 [ 0  0  0 -1  1  0  0  0]
 [ 0 -1  0  1  1  0  0  0]
 [ 0  0 -1  1  1  0  0  0]
 [ 0  0  1 -1  0  0  0  0]
 [ 0  0  0  0  0  0  0  0]
 [ 0  0  0  0  0  0  0  0]]
['12011014', '1', '0', 3, 5, -1, [[0, 0, 0, 0, 0, 0, 0, 0], [0, 0, 0, 0, 0, 0, 0, 0], [0, 0, 0, -1, 1, 0, 0, 0], [0, -1, 0, 1, 1, -1, 0, 0], [0, 0, -1, 1, -1, 0, 0, 0], [0, 0, 1, -1, 0, 0, 0, 0], [0, 0, 0, 0, 0, 0, 0, 0], [0, 0, 0, 0, 0, 0, 0, 0]]]
Use Time: 4.4924516677856445, This step timeout is False
The candidate list of user is: [(1, 5), (2, 5), (3, 5), (4, 5), (5, 1), (6, 2), (3, 5)]
Chessboard output is: 
[[ 0  0  0  0  0  0  0  0]
 [ 0  0  0  0  0  0  0  0]
 [ 0  0  0 -1  1  0  0  0]
 [ 0 -1  0  1  1 -1  0  0]
 [ 0  0 -1  1 -1  0  0  0]
 [ 0  0  1 -1  0  0  0  0]
 [ 0  0  0  0  0  0  0  0]
 [ 0  0  0  0  0  0  0  0]]
-----------------
Chessboard input is: 
[[ 0  0  0  0  0  0  0  0]
 [ 0  0  0  0  0  0  0  0]
 [ 0  0  0 -1  1  0  0  0]
 [ 0 -1  0  1  1 -1  0  0]
 [ 0  0 -1  1 -1  0  0  0]
 [ 0  0  1 -1  0  0  0  0]
 [ 0  0  0  0  0  0  0  0]
 [ 0  0  0  0  0  0  0  0]]
['12011014', '1', '0', 1, 3, 1, [[0, 0, 0, 0, 0, 0, 0, 0], [0, 0, 0, 1, 0, 0, 0, 0], [0, 0, 0, 1, 1, 0, 0, 0], [0, -1, 0, 1, 1, -1, 0, 0], [0, 0, -1, 1, -1, 0, 0, 0], [0, 0, 1, -1, 0, 0, 0, 0], [0, 0, 0, 0, 0, 0, 0, 0], [0, 0, 0, 0, 0, 0, 0, 0]]]
Use Time: 4.701850652694702, This step timeout is False
The candidate list of user is: [(1, 2), (1, 3), (2, 2), (3, 2), (3, 6), (4, 1), (4, 5), (4, 6), (5, 1), (5, 4), (5, 4), (5, 5), (6, 3), (4, 5), (1, 3)]
Chessboard output is: 
[[ 0  0  0  0  0  0  0  0]
 [ 0  0  0  1  0  0  0  0]
 [ 0  0  0  1  1  0  0  0]
 [ 0 -1  0  1  1 -1  0  0]
 [ 0  0 -1  1 -1  0  0  0]
 [ 0  0  1 -1  0  0  0  0]
 [ 0  0  0  0  0  0  0  0]
 [ 0  0  0  0  0  0  0  0]]
-----------------
Chessboard input is: 
[[ 0  0  0  0  0  0  0  0]
 [ 0  0  0  1  0  0  0  0]
 [ 0  0  0  1  1  0  0  0]
 [ 0 -1  0  1  1 -1  0  0]
 [ 0  0 -1  1 -1  0  0  0]
 [ 0  0  1 -1  0  0  0  0]
 [ 0  0  0  0  0  0  0  0]
 [ 0  0  0  0  0  0  0  0]]
['12011014', '1', '0', 0, 3, -1, [[0, 0, 0, -1, 0, 0, 0, 0], [0, 0, 0, -1, 0, 0, 0, 0], [0, 0, 0, -1, 1, 0, 0, 0], [0, -1, 0, -1, 1, -1, 0, 0], [0, 0, -1, -1, -1, 0, 0, 0], [0, 0, 1, -1, 0, 0, 0, 0], [0, 0, 0, 0, 0, 0, 0, 0], [0, 0, 0, 0, 0, 0, 0, 0]]]
Use Time: 1.8165013790130615, This step timeout is False
The candidate list of user is: [(0, 2), (0, 3), (1, 4), (1, 5), (2, 2), (3, 2), (5, 1), (6, 2), (0, 3)]
Chessboard output is: 
[[ 0  0  0 -1  0  0  0  0]
 [ 0  0  0 -1  0  0  0  0]
 [ 0  0  0 -1  1  0  0  0]
 [ 0 -1  0 -1  1 -1  0  0]
 [ 0  0 -1 -1 -1  0  0  0]
 [ 0  0  1 -1  0  0  0  0]
 [ 0  0  0  0  0  0  0  0]
 [ 0  0  0  0  0  0  0  0]]
-----------------
Chessboard input is: 
[[ 0  0  0 -1  0  0  0  0]
 [ 0  0  0 -1  0  0  0  0]
 [ 0  0  0 -1  1  0  0  0]
 [ 0 -1  0 -1  1 -1  0  0]
 [ 0  0 -1 -1 -1  0  0  0]
 [ 0  0  1 -1  0  0  0  0]
 [ 0  0  0  0  0  0  0  0]
 [ 0  0  0  0  0  0  0  0]]
['12011014', '1', '0', 2, 2, 1, [[0, 0, 0, -1, 0, 0, 0, 0], [0, 0, 0, -1, 0, 0, 0, 0], [0, 0, 1, 1, 1, 0, 0, 0], [0, -1, 0, -1, 1, -1, 0, 0], [0, 0, -1, -1, -1, 0, 0, 0], [0, 0, 1, -1, 0, 0, 0, 0], [0, 0, 0, 0, 0, 0, 0, 0], [0, 0, 0, 0, 0, 0, 0, 0]]]
Use Time: 4.702199220657349, This step timeout is False
The candidate list of user is: [(0, 2), (1, 2), (2, 2), (3, 2), (3, 2), (3, 6), (4, 6), (5, 1), (5, 4), (5, 4), (2, 2), (2, 2)]
Chessboard output is: 
[[ 0  0  0 -1  0  0  0  0]
 [ 0  0  0 -1  0  0  0  0]
 [ 0  0  1  1  1  0  0  0]
 [ 0 -1  0 -1  1 -1  0  0]
 [ 0  0 -1 -1 -1  0  0  0]
 [ 0  0  1 -1  0  0  0  0]
 [ 0  0  0  0  0  0  0  0]
 [ 0  0  0  0  0  0  0  0]]
-----------------
Chessboard input is: 
[[ 0  0  0 -1  0  0  0  0]
 [ 0  0  0 -1  0  0  0  0]
 [ 0  0  1  1  1  0  0  0]
 [ 0 -1  0 -1  1 -1  0  0]
 [ 0  0 -1 -1 -1  0  0  0]
 [ 0  0  1 -1  0  0  0  0]
 [ 0  0  0  0  0  0  0  0]
 [ 0  0  0  0  0  0  0  0]]
['12011014', '1', '0', 1, 5, -1, [[0, 0, 0, -1, 0, 0, 0, 0], [0, 0, 0, -1, 0, -1, 0, 0], [0, 0, 1, 1, -1, 0, 0, 0], [0, -1, 0, -1, 1, -1, 0, 0], [0, 0, -1, -1, -1, 0, 0, 0], [0, 0, 1, -1, 0, 0, 0, 0], [0, 0, 0, 0, 0, 0, 0, 0], [0, 0, 0, 0, 0, 0, 0, 0]]]
Use Time: 4.657873868942261, This step timeout is False
The candidate list of user is: [(1, 1), (1, 4), (1, 5), (2, 5), (5, 1), (6, 1), (6, 2), (1, 5)]
Chessboard output is: 
[[ 0  0  0 -1  0  0  0  0]
 [ 0  0  0 -1  0 -1  0  0]
 [ 0  0  1  1 -1  0  0  0]
 [ 0 -1  0 -1  1 -1  0  0]
 [ 0  0 -1 -1 -1  0  0  0]
 [ 0  0  1 -1  0  0  0  0]
 [ 0  0  0  0  0  0  0  0]
 [ 0  0  0  0  0  0  0  0]]
-----------------
Chessboard input is: 
[[ 0  0  0 -1  0  0  0  0]
 [ 0  0  0 -1  0 -1  0  0]
 [ 0  0  1  1 -1  0  0  0]
 [ 0 -1  0 -1  1 -1  0  0]
 [ 0  0 -1 -1 -1  0  0  0]
 [ 0  0  1 -1  0  0  0  0]
 [ 0  0  0  0  0  0  0  0]
 [ 0  0  0  0  0  0  0  0]]
['12011014', '1', '0', 1, 4, 1, [[0, 0, 0, -1, 0, 0, 0, 0], [0, 0, 0, -1, 1, -1, 0, 0], [0, 0, 1, 1, 1, 0, 0, 0], [0, -1, 0, -1, 1, -1, 0, 0], [0, 0, -1, -1, -1, 0, 0, 0], [0, 0, 1, -1, 0, 0, 0, 0], [0, 0, 0, 0, 0, 0, 0, 0], [0, 0, 0, 0, 0, 0, 0, 0]]]
Use Time: 4.701648950576782, This step timeout is False
The candidate list of user is: [(0, 4), (1, 4), (2, 5), (3, 2), (3, 2), (3, 6), (4, 0), (5, 4), (5, 4), (5, 5), (6, 3), (1, 4), (1, 4)]
Chessboard output is: 
[[ 0  0  0 -1  0  0  0  0]
 [ 0  0  0 -1  1 -1  0  0]
 [ 0  0  1  1  1  0  0  0]
 [ 0 -1  0 -1  1 -1  0  0]
 [ 0  0 -1 -1 -1  0  0  0]
 [ 0  0  1 -1  0  0  0  0]
 [ 0  0  0  0  0  0  0  0]
 [ 0  0  0  0  0  0  0  0]]
-----------------
Chessboard input is: 
[[ 0  0  0 -1  0  0  0  0]
 [ 0  0  0 -1  1 -1  0  0]
 [ 0  0  1  1  1  0  0  0]
 [ 0 -1  0 -1  1 -1  0  0]
 [ 0  0 -1 -1 -1  0  0  0]
 [ 0  0  1 -1  0  0  0  0]
 [ 0  0  0  0  0  0  0  0]
 [ 0  0  0  0  0  0  0  0]]
['12011014', '1', '0', 0, 4, -1, [[0, 0, 0, -1, -1, 0, 0, 0], [0, 0, 0, -1, -1, -1, 0, 0], [0, 0, 1, 1, -1, 0, 0, 0], [0, -1, 0, -1, -1, -1, 0, 0], [0, 0, -1, -1, -1, 0, 0, 0], [0, 0, 1, -1, 0, 0, 0, 0], [0, 0, 0, 0, 0, 0, 0, 0], [0, 0, 0, 0, 0, 0, 0, 0]]]
Use Time: 4.279468297958374, This step timeout is False
The candidate list of user is: [(0, 4), (1, 1), (2, 5), (5, 1), (6, 1), (6, 2), (0, 4)]
Chessboard output is: 
[[ 0  0  0 -1 -1  0  0  0]
 [ 0  0  0 -1 -1 -1  0  0]
 [ 0  0  1  1 -1  0  0  0]
 [ 0 -1  0 -1 -1 -1  0  0]
 [ 0  0 -1 -1 -1  0  0  0]
 [ 0  0  1 -1  0  0  0  0]
 [ 0  0  0  0  0  0  0  0]
 [ 0  0  0  0  0  0  0  0]]
-----------------
Chessboard input is: 
[[ 0  0  0 -1 -1  0  0  0]
 [ 0  0  0 -1 -1 -1  0  0]
 [ 0  0  1  1 -1  0  0  0]
 [ 0 -1  0 -1 -1 -1  0  0]
 [ 0  0 -1 -1 -1  0  0  0]
 [ 0  0  1 -1  0  0  0  0]
 [ 0  0  0  0  0  0  0  0]
 [ 0  0  0  0  0  0  0  0]]
['12011014', '1', '0', 3, 2, 1, [[0, 0, 0, -1, -1, 0, 0, 0], [0, 0, 0, -1, -1, -1, 0, 0], [0, 0, 1, 1, -1, 0, 0, 0], [0, -1, 1, -1, -1, -1, 0, 0], [0, 0, 1, -1, -1, 0, 0, 0], [0, 0, 1, -1, 0, 0, 0, 0], [0, 0, 0, 0, 0, 0, 0, 0], [0, 0, 0, 0, 0, 0, 0, 0]]]
Use Time: 4.701546669006348, This step timeout is False
The candidate list of user is: [(0, 5), (2, 5), (2, 5), (3, 2), (4, 0), (4, 5), (5, 4), (5, 5), (6, 3), (3, 2), (3, 2)]
Chessboard output is: 
[[ 0  0  0 -1 -1  0  0  0]
 [ 0  0  0 -1 -1 -1  0  0]
 [ 0  0  1  1 -1  0  0  0]
 [ 0 -1  1 -1 -1 -1  0  0]
 [ 0  0  1 -1 -1  0  0  0]
 [ 0  0  1 -1  0  0  0  0]
 [ 0  0  0  0  0  0  0  0]
 [ 0  0  0  0  0  0  0  0]]
-----------------
Chessboard input is: 
[[ 0  0  0 -1 -1  0  0  0]
 [ 0  0  0 -1 -1 -1  0  0]
 [ 0  0  1  1 -1  0  0  0]
 [ 0 -1  1 -1 -1 -1  0  0]
 [ 0  0  1 -1 -1  0  0  0]
 [ 0  0  1 -1  0  0  0  0]
 [ 0  0  0  0  0  0  0  0]
 [ 0  0  0  0  0  0  0  0]]
['12011014', '1', '0', 4, 1, -1, [[0, 0, 0, -1, -1, 0, 0, 0], [0, 0, 0, -1, -1, -1, 0, 0], [0, 0, 1, -1, -1, 0, 0, 0], [0, -1, -1, -1, -1, -1, 0, 0], [0, -1, -1, -1, -1, 0, 0, 0], [0, 0, 1, -1, 0, 0, 0, 0], [0, 0, 0, 0, 0, 0, 0, 0], [0, 0, 0, 0, 0, 0, 0, 0]]]
Use Time: 4.1476263999938965, This step timeout is False
The candidate list of user is: [(1, 1), (1, 2), (2, 1), (4, 1), (5, 1), (6, 1), (4, 1)]
Chessboard output is: 
[[ 0  0  0 -1 -1  0  0  0]
 [ 0  0  0 -1 -1 -1  0  0]
 [ 0  0  1 -1 -1  0  0  0]
 [ 0 -1 -1 -1 -1 -1  0  0]
 [ 0 -1 -1 -1 -1  0  0  0]
 [ 0  0  1 -1  0  0  0  0]
 [ 0  0  0  0  0  0  0  0]
 [ 0  0  0  0  0  0  0  0]]
-----------------
Chessboard input is: 
[[ 0  0  0 -1 -1  0  0  0]
 [ 0  0  0 -1 -1 -1  0  0]
 [ 0  0  1 -1 -1  0  0  0]
 [ 0 -1 -1 -1 -1 -1  0  0]
 [ 0 -1 -1 -1 -1  0  0  0]
 [ 0  0  1 -1  0  0  0  0]
 [ 0  0  0  0  0  0  0  0]
 [ 0  0  0  0  0  0  0  0]]
['12011014', '1', '0', 5, 5, 1, [[0, 0, 0, -1, -1, 0, 0, 0], [0, 0, 0, -1, -1, -1, 0, 0], [0, 0, 1, -1, -1, 0, 0, 0], [0, -1, -1, 1, -1, -1, 0, 0], [0, -1, -1, -1, 1, 0, 0, 0], [0, 0, 1, -1, 0, 1, 0, 0], [0, 0, 0, 0, 0, 0, 0, 0], [0, 0, 0, 0, 0, 0, 0, 0]]]
Use Time: 4.70109486579895, This step timeout is False
The candidate list of user is: [(2, 5), (2, 5), (3, 0), (4, 0), (5, 4), (5, 5), (4, 0), (5, 5)]
Chessboard output is: 
[[ 0  0  0 -1 -1  0  0  0]
 [ 0  0  0 -1 -1 -1  0  0]
 [ 0  0  1 -1 -1  0  0  0]
 [ 0 -1 -1  1 -1 -1  0  0]
 [ 0 -1 -1 -1  1  0  0  0]
 [ 0  0  1 -1  0  1  0  0]
 [ 0  0  0  0  0  0  0  0]
 [ 0  0  0  0  0  0  0  0]]
-----------------
Chessboard input is: 
[[ 0  0  0 -1 -1  0  0  0]
 [ 0  0  0 -1 -1 -1  0  0]
 [ 0  0  1 -1 -1  0  0  0]
 [ 0 -1 -1  1 -1 -1  0  0]
 [ 0 -1 -1 -1  1  0  0  0]
 [ 0  0  1 -1  0  1  0  0]
 [ 0  0  0  0  0  0  0  0]
 [ 0  0  0  0  0  0  0  0]]
['12011014', '1', '0', 6, 1, -1, [[0, 0, 0, -1, -1, 0, 0, 0], [0, 0, 0, -1, -1, -1, 0, 0], [0, 0, 1, -1, -1, 0, 0, 0], [0, -1, -1, 1, -1, -1, 0, 0], [0, -1, -1, -1, 1, 0, 0, 0], [0, 0, -1, -1, 0, 1, 0, 0], [0, -1, 0, 0, 0, 0, 0, 0], [0, 0, 0, 0, 0, 0, 0, 0]]]
Use Time: 1.0630333423614502, This step timeout is False
The candidate list of user is: [(1, 2), (2, 1), (4, 5), (5, 1), (5, 4), (6, 1), (6, 2), (6, 3), (6, 1)]
Chessboard output is: 
[[ 0  0  0 -1 -1  0  0  0]
 [ 0  0  0 -1 -1 -1  0  0]
 [ 0  0  1 -1 -1  0  0  0]
 [ 0 -1 -1  1 -1 -1  0  0]
 [ 0 -1 -1 -1  1  0  0  0]
 [ 0  0 -1 -1  0  1  0  0]
 [ 0 -1  0  0  0  0  0  0]
 [ 0  0  0  0  0  0  0  0]]
-----------------
Chessboard input is: 
[[ 0  0  0 -1 -1  0  0  0]
 [ 0  0  0 -1 -1 -1  0  0]
 [ 0  0  1 -1 -1  0  0  0]
 [ 0 -1 -1  1 -1 -1  0  0]
 [ 0 -1 -1 -1  1  0  0  0]
 [ 0  0 -1 -1  0  1  0  0]
 [ 0 -1  0  0  0  0  0  0]
 [ 0  0  0  0  0  0  0  0]]
['12011014', '1', '0', 5, 1, 1, [[0, 0, 0, -1, -1, 0, 0, 0], [0, 0, 0, -1, -1, -1, 0, 0], [0, 0, 1, -1, -1, 0, 0, 0], [0, -1, -1, 1, -1, -1, 0, 0], [0, -1, 1, -1, 1, 0, 0, 0], [0, 1, -1, -1, 0, 1, 0, 0], [0, -1, 0, 0, 0, 0, 0, 0], [0, 0, 0, 0, 0, 0, 0, 0]]]
Use Time: 4.702596426010132, This step timeout is False
The candidate list of user is: [(0, 6), (2, 5), (2, 6), (3, 0), (3, 6), (4, 0), (4, 0), (5, 1), (6, 2), (6, 2), (6, 3), (5, 1), (5, 1)]
Chessboard output is: 
[[ 0  0  0 -1 -1  0  0  0]
 [ 0  0  0 -1 -1 -1  0  0]
 [ 0  0  1 -1 -1  0  0  0]
 [ 0 -1 -1  1 -1 -1  0  0]
 [ 0 -1  1 -1  1  0  0  0]
 [ 0  1 -1 -1  0  1  0  0]
 [ 0 -1  0  0  0  0  0  0]
 [ 0  0  0  0  0  0  0  0]]
-----------------
Chessboard input is: 
[[ 0  0  0 -1 -1  0  0  0]
 [ 0  0  0 -1 -1 -1  0  0]
 [ 0  0  1 -1 -1  0  0  0]
 [ 0 -1 -1  1 -1 -1  0  0]
 [ 0 -1  1 -1  1  0  0  0]
 [ 0  1 -1 -1  0  1  0  0]
 [ 0 -1  0  0  0  0  0  0]
 [ 0  0  0  0  0  0  0  0]]
['12011014', '1', '0', 6, 0, -1, [[0, 0, 0, -1, -1, 0, 0, 0], [0, 0, 0, -1, -1, -1, 0, 0], [0, 0, 1, -1, -1, 0, 0, 0], [0, -1, -1, -1, -1, -1, 0, 0], [0, -1, -1, -1, 1, 0, 0, 0], [0, -1, -1, -1, 0, 1, 0, 0], [-1, -1, 0, 0, 0, 0, 0, 0], [0, 0, 0, 0, 0, 0, 0, 0]]]
Use Time: 5.000487565994263, This step timeout is True
The candidate list of user is: [(1, 2), (2, 1), (4, 5), (5, 0), (5, 4), (6, 0)]
Chessboard output is: 
[[ 0  0  0 -1 -1  0  0  0]
 [ 0  0  0 -1 -1 -1  0  0]
 [ 0  0  1 -1 -1  0  0  0]
 [ 0 -1 -1 -1 -1 -1  0  0]
 [ 0 -1 -1 -1  1  0  0  0]
 [ 0 -1 -1 -1  0  1  0  0]
 [-1 -1  0  0  0  0  0  0]
 [ 0  0  0  0  0  0  0  0]]
-----------------
Chessboard input is: 
[[ 0  0  0 -1 -1  0  0  0]
 [ 0  0  0 -1 -1 -1  0  0]
 [ 0  0  1 -1 -1  0  0  0]
 [ 0 -1 -1 -1 -1 -1  0  0]
 [ 0 -1 -1 -1  1  0  0  0]
 [ 0 -1 -1 -1  0  1  0  0]
 [-1 -1  0  0  0  0  0  0]
 [ 0  0  0  0  0  0  0  0]]
['12011014', '1', '0', 2, 5, 1, [[0, 0, 0, -1, -1, 0, 0, 0], [0, 0, 0, -1, -1, -1, 0, 0], [0, 0, 1, 1, 1, 1, 0, 0], [0, -1, -1, -1, -1, -1, 0, 0], [0, -1, -1, -1, 1, 0, 0, 0], [0, -1, -1, -1, 0, 1, 0, 0], [-1, -1, 0, 0, 0, 0, 0, 0], [0, 0, 0, 0, 0, 0, 0, 0]]]
Use Time: 4.702474355697632, This step timeout is False
The candidate list of user is: [(2, 5), (2, 6), (4, 0), (4, 0), (6, 2), (6, 2), (2, 5), (2, 5)]
Chessboard output is: 
[[ 0  0  0 -1 -1  0  0  0]
 [ 0  0  0 -1 -1 -1  0  0]
 [ 0  0  1  1  1  1  0  0]
 [ 0 -1 -1 -1 -1 -1  0  0]
 [ 0 -1 -1 -1  1  0  0  0]
 [ 0 -1 -1 -1  0  1  0  0]
 [-1 -1  0  0  0  0  0  0]
 [ 0  0  0  0  0  0  0  0]]
-----------------
Chessboard input is: 
[[ 0  0  0 -1 -1  0  0  0]
 [ 0  0  0 -1 -1 -1  0  0]
 [ 0  0  1  1  1  1  0  0]
 [ 0 -1 -1 -1 -1 -1  0  0]
 [ 0 -1 -1 -1  1  0  0  0]
 [ 0 -1 -1 -1  0  1  0  0]
 [-1 -1  0  0  0  0  0  0]
 [ 0  0  0  0  0  0  0  0]]
['12011014', '1', '0', 1, 1, -1, [[0, 0, 0, -1, -1, 0, 0, 0], [0, -1, 0, -1, -1, -1, 0, 0], [0, 0, -1, 1, 1, 1, 0, 0], [0, -1, -1, -1, -1, -1, 0, 0], [0, -1, -1, -1, 1, 0, 0, 0], [0, -1, -1, -1, 0, 1, 0, 0], [-1, -1, 0, 0, 0, 0, 0, 0], [0, 0, 0, 0, 0, 0, 0, 0]]]
Use Time: 4.763835430145264, This step timeout is False
The candidate list of user is: [(1, 1), (1, 2), (1, 6), (3, 6), (4, 5), (5, 4), (6, 6), (1, 1)]
Chessboard output is: 
[[ 0  0  0 -1 -1  0  0  0]
 [ 0 -1  0 -1 -1 -1  0  0]
 [ 0  0 -1  1  1  1  0  0]
 [ 0 -1 -1 -1 -1 -1  0  0]
 [ 0 -1 -1 -1  1  0  0  0]
 [ 0 -1 -1 -1  0  1  0  0]
 [-1 -1  0  0  0  0  0  0]
 [ 0  0  0  0  0  0  0  0]]
-----------------
Chessboard input is: 
[[ 0  0  0 -1 -1  0  0  0]
 [ 0 -1  0 -1 -1 -1  0  0]
 [ 0  0 -1  1  1  1  0  0]
 [ 0 -1 -1 -1 -1 -1  0  0]
 [ 0 -1 -1 -1  1  0  0  0]
 [ 0 -1 -1 -1  0  1  0  0]
 [-1 -1  0  0  0  0  0  0]
 [ 0  0  0  0  0  0  0  0]]
['12011014', '1', '0', 2, 1, 1, [[0, 0, 0, -1, -1, 0, 0, 0], [0, -1, 0, -1, -1, -1, 0, 0], [0, 1, 1, 1, 1, 1, 0, 0], [0, -1, -1, -1, -1, -1, 0, 0], [0, -1, -1, -1, 1, 0, 0, 0], [0, -1, -1, -1, 0, 1, 0, 0], [-1, -1, 0, 0, 0, 0, 0, 0], [0, 0, 0, 0, 0, 0, 0, 0]]]
Use Time: 4.702923059463501, This step timeout is False
The candidate list of user is: [(0, 0), (0, 2), (0, 5), (0, 5), (0, 6), (2, 1), (2, 6), (4, 0), (4, 5), (4, 5), (4, 6), (5, 0), (6, 2), (6, 3), (7, 0), (4, 6), (2, 1)]
Chessboard output is: 
[[ 0  0  0 -1 -1  0  0  0]
 [ 0 -1  0 -1 -1 -1  0  0]
 [ 0  1  1  1  1  1  0  0]
 [ 0 -1 -1 -1 -1 -1  0  0]
 [ 0 -1 -1 -1  1  0  0  0]
 [ 0 -1 -1 -1  0  1  0  0]
 [-1 -1  0  0  0  0  0  0]
 [ 0  0  0  0  0  0  0  0]]
-----------------
Chessboard input is: 
[[ 0  0  0 -1 -1  0  0  0]
 [ 0 -1  0 -1 -1 -1  0  0]
 [ 0  1  1  1  1  1  0  0]
 [ 0 -1 -1 -1 -1 -1  0  0]
 [ 0 -1 -1 -1  1  0  0  0]
 [ 0 -1 -1 -1  0  1  0  0]
 [-1 -1  0  0  0  0  0  0]
 [ 0  0  0  0  0  0  0  0]]
['12011014', '1', '0', 1, 0, -1, [[0, 0, 0, -1, -1, 0, 0, 0], [-1, -1, 0, -1, -1, -1, 0, 0], [0, -1, 1, 1, 1, 1, 0, 0], [0, -1, -1, -1, -1, -1, 0, 0], [0, -1, -1, -1, 1, 0, 0, 0], [0, -1, -1, -1, 0, 1, 0, 0], [-1, -1, 0, 0, 0, 0, 0, 0], [0, 0, 0, 0, 0, 0, 0, 0]]]
Use Time: 4.08472466468811, This step timeout is False
The candidate list of user is: [(1, 0), (1, 2), (1, 6), (3, 6), (4, 5), (5, 4), (6, 6), (1, 0)]
Chessboard output is: 
[[ 0  0  0 -1 -1  0  0  0]
 [-1 -1  0 -1 -1 -1  0  0]
 [ 0 -1  1  1  1  1  0  0]
 [ 0 -1 -1 -1 -1 -1  0  0]
 [ 0 -1 -1 -1  1  0  0  0]
 [ 0 -1 -1 -1  0  1  0  0]
 [-1 -1  0  0  0  0  0  0]
 [ 0  0  0  0  0  0  0  0]]
-----------------
Chessboard input is: 
[[ 0  0  0 -1 -1  0  0  0]
 [-1 -1  0 -1 -1 -1  0  0]
 [ 0 -1  1  1  1  1  0  0]
 [ 0 -1 -1 -1 -1 -1  0  0]
 [ 0 -1 -1 -1  1  0  0  0]
 [ 0 -1 -1 -1  0  1  0  0]
 [-1 -1  0  0  0  0  0  0]
 [ 0  0  0  0  0  0  0  0]]
['12011014', '1', '0', 2, 0, 1, [[0, 0, 0, -1, -1, 0, 0, 0], [-1, -1, 0, -1, -1, -1, 0, 0], [1, 1, 1, 1, 1, 1, 0, 0], [0, -1, -1, -1, -1, -1, 0, 0], [0, -1, -1, -1, 1, 0, 0, 0], [0, -1, -1, -1, 0, 1, 0, 0], [-1, -1, 0, 0, 0, 0, 0, 0], [0, 0, 0, 0, 0, 0, 0, 0]]]
Use Time: 4.702526092529297, This step timeout is False
The candidate list of user is: [(0, 0), (0, 2), (0, 5), (0, 5), (0, 6), (2, 0), (2, 6), (4, 0), (4, 0), (4, 5), (4, 5), (4, 6), (5, 0), (6, 2), (6, 2), (6, 3), (7, 0), (5, 0), (2, 0)]
Chessboard output is: 
[[ 0  0  0 -1 -1  0  0  0]
 [-1 -1  0 -1 -1 -1  0  0]
 [ 1  1  1  1  1  1  0  0]
 [ 0 -1 -1 -1 -1 -1  0  0]
 [ 0 -1 -1 -1  1  0  0  0]
 [ 0 -1 -1 -1  0  1  0  0]
 [-1 -1  0  0  0  0  0  0]
 [ 0  0  0  0  0  0  0  0]]
-----------------
Chessboard input is: 
[[ 0  0  0 -1 -1  0  0  0]
 [-1 -1  0 -1 -1 -1  0  0]
 [ 1  1  1  1  1  1  0  0]
 [ 0 -1 -1 -1 -1 -1  0  0]
 [ 0 -1 -1 -1  1  0  0  0]
 [ 0 -1 -1 -1  0  1  0  0]
 [-1 -1  0  0  0  0  0  0]
 [ 0  0  0  0  0  0  0  0]]
['12011014', '1', '0', 6, 6, -1, [[0, 0, 0, -1, -1, 0, 0, 0], [-1, -1, 0, -1, -1, -1, 0, 0], [1, 1, 1, 1, 1, 1, 0, 0], [0, -1, -1, -1, -1, -1, 0, 0], [0, -1, -1, -1, -1, 0, 0, 0], [0, -1, -1, -1, 0, -1, 0, 0], [-1, -1, 0, 0, 0, 0, -1, 0], [0, 0, 0, 0, 0, 0, 0, 0]]]
Use Time: 5.000477313995361, This step timeout is True
The candidate list of user is: [(1, 2), (1, 6), (3, 0), (3, 6), (4, 5), (5, 4), (6, 6)]
Chessboard output is: 
[[ 0  0  0 -1 -1  0  0  0]
 [-1 -1  0 -1 -1 -1  0  0]
 [ 1  1  1  1  1  1  0  0]
 [ 0 -1 -1 -1 -1 -1  0  0]
 [ 0 -1 -1 -1 -1  0  0  0]
 [ 0 -1 -1 -1  0 -1  0  0]
 [-1 -1  0  0  0  0 -1  0]
 [ 0  0  0  0  0  0  0  0]]
-----------------
Chessboard input is: 
[[ 0  0  0 -1 -1  0  0  0]
 [-1 -1  0 -1 -1 -1  0  0]
 [ 1  1  1  1  1  1  0  0]
 [ 0 -1 -1 -1 -1 -1  0  0]
 [ 0 -1 -1 -1 -1  0  0  0]
 [ 0 -1 -1 -1  0 -1  0  0]
 [-1 -1  0  0  0  0 -1  0]
 [ 0  0  0  0  0  0  0  0]]
['12011014', '1', '0', 4, 0, 1, [[0, 0, 0, -1, -1, 0, 0, 0], [-1, -1, 0, -1, -1, -1, 0, 0], [1, 1, 1, 1, 1, 1, 0, 0], [0, 1, -1, -1, -1, -1, 0, 0], [1, -1, -1, -1, -1, 0, 0, 0], [0, -1, -1, -1, 0, -1, 0, 0], [-1, -1, 0, 0, 0, 0, -1, 0], [0, 0, 0, 0, 0, 0, 0, 0]]]
Use Time: 4.702798128128052, This step timeout is False
The candidate list of user is: [(0, 0), (0, 0), (0, 1), (0, 2), (0, 2), (0, 5), (0, 5), (0, 6), (4, 0), (4, 5), (4, 5), (4, 6), (5, 0), (5, 4), (5, 4), (6, 2), (6, 3), (6, 4), (7, 0), (7, 1), (7, 7), (0, 5), (4, 0)]
Chessboard output is: 
[[ 0  0  0 -1 -1  0  0  0]
 [-1 -1  0 -1 -1 -1  0  0]
 [ 1  1  1  1  1  1  0  0]
 [ 0  1 -1 -1 -1 -1  0  0]
 [ 1 -1 -1 -1 -1  0  0  0]
 [ 0 -1 -1 -1  0 -1  0  0]
 [-1 -1  0  0  0  0 -1  0]
 [ 0  0  0  0  0  0  0  0]]
-----------------
Chessboard input is: 
[[ 0  0  0 -1 -1  0  0  0]
 [-1 -1  0 -1 -1 -1  0  0]
 [ 1  1  1  1  1  1  0  0]
 [ 0  1 -1 -1 -1 -1  0  0]
 [ 1 -1 -1 -1 -1  0  0  0]
 [ 0 -1 -1 -1  0 -1  0  0]
 [-1 -1  0  0  0  0 -1  0]
 [ 0  0  0  0  0  0  0  0]]
['12011014', '1', '0', 3, 0, -1, [[0, 0, 0, -1, -1, 0, 0, 0], [-1, -1, 0, -1, -1, -1, 0, 0], [-1, 1, 1, 1, 1, 1, 0, 0], [-1, -1, -1, -1, -1, -1, 0, 0], [1, -1, -1, -1, -1, 0, 0, 0], [0, -1, -1, -1, 0, -1, 0, 0], [-1, -1, 0, 0, 0, 0, -1, 0], [0, 0, 0, 0, 0, 0, 0, 0]]]
Use Time: 1.7675809860229492, This step timeout is False
The candidate list of user is: [(1, 2), (1, 6), (3, 0), (3, 6), (3, 0)]
Chessboard output is: 
[[ 0  0  0 -1 -1  0  0  0]
 [-1 -1  0 -1 -1 -1  0  0]
 [-1  1  1  1  1  1  0  0]
 [-1 -1 -1 -1 -1 -1  0  0]
 [ 1 -1 -1 -1 -1  0  0  0]
 [ 0 -1 -1 -1  0 -1  0  0]
 [-1 -1  0  0  0  0 -1  0]
 [ 0  0  0  0  0  0  0  0]]
-----------------
Chessboard input is: 
[[ 0  0  0 -1 -1  0  0  0]
 [-1 -1  0 -1 -1 -1  0  0]
 [-1  1  1  1  1  1  0  0]
 [-1 -1 -1 -1 -1 -1  0  0]
 [ 1 -1 -1 -1 -1  0  0  0]
 [ 0 -1 -1 -1  0 -1  0  0]
 [-1 -1  0  0  0  0 -1  0]
 [ 0  0  0  0  0  0  0  0]]
['12011014', '1', '0', 5, 0, 1, [[0, 0, 0, -1, -1, 0, 0, 0], [-1, -1, 0, -1, -1, -1, 0, 0], [-1, 1, 1, 1, 1, 1, 0, 0], [-1, -1, 1, -1, -1, -1, 0, 0], [1, 1, -1, -1, -1, 0, 0, 0], [1, -1, -1, -1, 0, -1, 0, 0], [-1, -1, 0, 0, 0, 0, -1, 0], [0, 0, 0, 0, 0, 0, 0, 0]]]
Use Time: 4.704211950302124, This step timeout is False
The candidate list of user is: [(0, 0), (0, 0), (0, 1), (0, 2), (0, 5), (0, 5), (0, 6), (4, 5), (4, 5), (4, 5), (4, 6), (5, 0), (5, 4), (5, 4), (6, 2), (6, 2), (6, 3), (7, 0), (7, 1), (7, 7), (5, 0), (5, 0)]
Chessboard output is: 
[[ 0  0  0 -1 -1  0  0  0]
 [-1 -1  0 -1 -1 -1  0  0]
 [-1  1  1  1  1  1  0  0]
 [-1 -1  1 -1 -1 -1  0  0]
 [ 1  1 -1 -1 -1  0  0  0]
 [ 1 -1 -1 -1  0 -1  0  0]
 [-1 -1  0  0  0  0 -1  0]
 [ 0  0  0  0  0  0  0  0]]
-----------------
Chessboard input is: 
[[ 0  0  0 -1 -1  0  0  0]
 [-1 -1  0 -1 -1 -1  0  0]
 [-1  1  1  1  1  1  0  0]
 [-1 -1  1 -1 -1 -1  0  0]
 [ 1  1 -1 -1 -1  0  0  0]
 [ 1 -1 -1 -1  0 -1  0  0]
 [-1 -1  0  0  0  0 -1  0]
 [ 0  0  0  0  0  0  0  0]]
['12011014', '1', '0', 1, 6, -1, [[0, 0, 0, -1, -1, 0, 0, 0], [-1, -1, 0, -1, -1, -1, -1, 0], [-1, 1, 1, 1, 1, -1, 0, 0], [-1, -1, 1, -1, -1, -1, 0, 0], [1, 1, -1, -1, -1, 0, 0, 0], [1, -1, -1, -1, 0, -1, 0, 0], [-1, -1, 0, 0, 0, 0, -1, 0], [0, 0, 0, 0, 0, 0, 0, 0]]]
Use Time: 1.5774402618408203, This step timeout is False
The candidate list of user is: [(1, 2), (1, 6), (2, 6), (3, 6), (1, 6)]
Chessboard output is: 
[[ 0  0  0 -1 -1  0  0  0]
 [-1 -1  0 -1 -1 -1 -1  0]
 [-1  1  1  1  1 -1  0  0]
 [-1 -1  1 -1 -1 -1  0  0]
 [ 1  1 -1 -1 -1  0  0  0]
 [ 1 -1 -1 -1  0 -1  0  0]
 [-1 -1  0  0  0  0 -1  0]
 [ 0  0  0  0  0  0  0  0]]
-----------------
Chessboard input is: 
[[ 0  0  0 -1 -1  0  0  0]
 [-1 -1  0 -1 -1 -1 -1  0]
 [-1  1  1  1  1 -1  0  0]
 [-1 -1  1 -1 -1 -1  0  0]
 [ 1  1 -1 -1 -1  0  0  0]
 [ 1 -1 -1 -1  0 -1  0  0]
 [-1 -1  0  0  0  0 -1  0]
 [ 0  0  0  0  0  0  0  0]]
['12011014', '1', '0', 0, 5, 1, [[0, 0, 0, -1, -1, 1, 0, 0], [-1, -1, 0, -1, 1, -1, -1, 0], [-1, 1, 1, 1, 1, -1, 0, 0], [-1, -1, 1, -1, -1, -1, 0, 0], [1, 1, -1, -1, -1, 0, 0, 0], [1, -1, -1, -1, 0, -1, 0, 0], [-1, -1, 0, 0, 0, 0, -1, 0], [0, 0, 0, 0, 0, 0, 0, 0]]]
Use Time: 4.701581239700317, This step timeout is False
The candidate list of user is: [(0, 0), (0, 0), (0, 1), (0, 2), (0, 5), (0, 6), (2, 6), (3, 6), (4, 5), (4, 5), (4, 6), (5, 4), (5, 4), (5, 4), (6, 2), (6, 2), (6, 3), (6, 3), (7, 0), (7, 1), (7, 2), (7, 7), (7, 0), (0, 5)]
Chessboard output is: 
[[ 0  0  0 -1 -1  1  0  0]
 [-1 -1  0 -1  1 -1 -1  0]
 [-1  1  1  1  1 -1  0  0]
 [-1 -1  1 -1 -1 -1  0  0]
 [ 1  1 -1 -1 -1  0  0  0]
 [ 1 -1 -1 -1  0 -1  0  0]
 [-1 -1  0  0  0  0 -1  0]
 [ 0  0  0  0  0  0  0  0]]
-----------------
Chessboard input is: 
[[ 0  0  0 -1 -1  1  0  0]
 [-1 -1  0 -1  1 -1 -1  0]
 [-1  1  1  1  1 -1  0  0]
 [-1 -1  1 -1 -1 -1  0  0]
 [ 1  1 -1 -1 -1  0  0  0]
 [ 1 -1 -1 -1  0 -1  0  0]
 [-1 -1  0  0  0  0 -1  0]
 [ 0  0  0  0  0  0  0  0]]
['12011014', '1', '0', 0, 6, -1, [[0, 0, 0, -1, -1, -1, -1, 0], [-1, -1, 0, -1, 1, -1, -1, 0], [-1, 1, 1, 1, 1, -1, 0, 0], [-1, -1, 1, -1, -1, -1, 0, 0], [1, 1, -1, -1, -1, 0, 0, 0], [1, -1, -1, -1, 0, -1, 0, 0], [-1, -1, 0, 0, 0, 0, -1, 0], [0, 0, 0, 0, 0, 0, 0, 0]]]
Use Time: 0.5878674983978271, This step timeout is False
The candidate list of user is: [(0, 6), (1, 2), (0, 6)]
Chessboard output is: 
[[ 0  0  0 -1 -1 -1 -1  0]
 [-1 -1  0 -1  1 -1 -1  0]
 [-1  1  1  1  1 -1  0  0]
 [-1 -1  1 -1 -1 -1  0  0]
 [ 1  1 -1 -1 -1  0  0  0]
 [ 1 -1 -1 -1  0 -1  0  0]
 [-1 -1  0  0  0  0 -1  0]
 [ 0  0  0  0  0  0  0  0]]
-----------------
Chessboard input is: 
[[ 0  0  0 -1 -1 -1 -1  0]
 [-1 -1  0 -1  1 -1 -1  0]
 [-1  1  1  1  1 -1  0  0]
 [-1 -1  1 -1 -1 -1  0  0]
 [ 1  1 -1 -1 -1  0  0  0]
 [ 1 -1 -1 -1  0 -1  0  0]
 [-1 -1  0  0  0  0 -1  0]
 [ 0  0  0  0  0  0  0  0]]
['12011014', '1', '0', 0, 1, 1, [[0, 1, 0, -1, -1, -1, -1, 0], [-1, 1, 0, -1, 1, -1, -1, 0], [-1, 1, 1, 1, 1, -1, 0, 0], [-1, -1, 1, -1, -1, -1, 0, 0], [1, 1, -1, -1, -1, 0, 0, 0], [1, -1, -1, -1, 0, -1, 0, 0], [-1, -1, 0, 0, 0, 0, -1, 0], [0, 0, 0, 0, 0, 0, 0, 0]]]
Use Time: 3.3144805431365967, This step timeout is False
The candidate list of user is: [(0, 0), (0, 0), (0, 1), (0, 2), (1, 2), (1, 7), (2, 6), (3, 6), (3, 6), (4, 5), (4, 5), (4, 6), (5, 4), (5, 4), (5, 4), (6, 2), (6, 2), (6, 3), (6, 3), (7, 0), (7, 1), (7, 2), (7, 7), (0, 1), (0, 1)]
Chessboard output is: 
[[ 0  1  0 -1 -1 -1 -1  0]
 [-1  1  0 -1  1 -1 -1  0]
 [-1  1  1  1  1 -1  0  0]
 [-1 -1  1 -1 -1 -1  0  0]
 [ 1  1 -1 -1 -1  0  0  0]
 [ 1 -1 -1 -1  0 -1  0  0]
 [-1 -1  0  0  0  0 -1  0]
 [ 0  0  0  0  0  0  0  0]]
-----------------
Chessboard input is: 
[[ 0  1  0 -1 -1 -1 -1  0]
 [-1  1  0 -1  1 -1 -1  0]
 [-1  1  1  1  1 -1  0  0]
 [-1 -1  1 -1 -1 -1  0  0]
 [ 1  1 -1 -1 -1  0  0  0]
 [ 1 -1 -1 -1  0 -1  0  0]
 [-1 -1  0  0  0  0 -1  0]
 [ 0  0  0  0  0  0  0  0]]
['12011014', '1', '0', 0, 2, -1, [[0, 1, -1, -1, -1, -1, -1, 0], [-1, -1, 0, -1, 1, -1, -1, 0], [-1, 1, 1, 1, 1, -1, 0, 0], [-1, -1, 1, -1, -1, -1, 0, 0], [1, 1, -1, -1, -1, 0, 0, 0], [1, -1, -1, -1, 0, -1, 0, 0], [-1, -1, 0, 0, 0, 0, -1, 0], [0, 0, 0, 0, 0, 0, 0, 0]]]
Use Time: 0.5423200130462646, This step timeout is False
The candidate list of user is: [(0, 0), (0, 2), (1, 2), (0, 2)]
Chessboard output is: 
[[ 0  1 -1 -1 -1 -1 -1  0]
 [-1 -1  0 -1  1 -1 -1  0]
 [-1  1  1  1  1 -1  0  0]
 [-1 -1  1 -1 -1 -1  0  0]
 [ 1  1 -1 -1 -1  0  0  0]
 [ 1 -1 -1 -1  0 -1  0  0]
 [-1 -1  0  0  0  0 -1  0]
 [ 0  0  0  0  0  0  0  0]]
-----------------
Chessboard input is: 
[[ 0  1 -1 -1 -1 -1 -1  0]
 [-1 -1  0 -1  1 -1 -1  0]
 [-1  1  1  1  1 -1  0  0]
 [-1 -1  1 -1 -1 -1  0  0]
 [ 1  1 -1 -1 -1  0  0  0]
 [ 1 -1 -1 -1  0 -1  0  0]
 [-1 -1  0  0  0  0 -1  0]
 [ 0  0  0  0  0  0  0  0]]
['12011014', '1', '0', 1, 2, 1, [[0, 1, -1, -1, -1, -1, -1, 0], [-1, -1, 1, 1, 1, -1, -1, 0], [-1, 1, 1, 1, 1, -1, 0, 0], [-1, -1, 1, -1, -1, -1, 0, 0], [1, 1, -1, -1, -1, 0, 0, 0], [1, -1, -1, -1, 0, -1, 0, 0], [-1, -1, 0, 0, 0, 0, -1, 0], [0, 0, 0, 0, 0, 0, 0, 0]]]
Use Time: 2.255662679672241, This step timeout is False
The candidate list of user is: [(0, 0), (0, 0), (0, 7), (1, 2), (1, 7), (2, 6), (3, 6), (3, 6), (4, 5), (4, 5), (4, 6), (5, 4), (5, 4), (5, 4), (6, 2), (6, 2), (6, 3), (6, 3), (7, 0), (7, 1), (7, 2), (7, 7), (1, 2), (1, 2)]
Chessboard output is: 
[[ 0  1 -1 -1 -1 -1 -1  0]
 [-1 -1  1  1  1 -1 -1  0]
 [-1  1  1  1  1 -1  0  0]
 [-1 -1  1 -1 -1 -1  0  0]
 [ 1  1 -1 -1 -1  0  0  0]
 [ 1 -1 -1 -1  0 -1  0  0]
 [-1 -1  0  0  0  0 -1  0]
 [ 0  0  0  0  0  0  0  0]]
-----------------
Chessboard input is: 
[[ 0  1 -1 -1 -1 -1 -1  0]
 [-1 -1  1  1  1 -1 -1  0]
 [-1  1  1  1  1 -1  0  0]
 [-1 -1  1 -1 -1 -1  0  0]
 [ 1  1 -1 -1 -1  0  0  0]
 [ 1 -1 -1 -1  0 -1  0  0]
 [-1 -1  0  0  0  0 -1  0]
 [ 0  0  0  0  0  0  0  0]]
['12011014', '1', '0', 0, 0, -1, [[-1, -1, -1, -1, -1, -1, -1, 0], [-1, -1, 1, 1, 1, -1, -1, 0], [-1, 1, 1, 1, 1, -1, 0, 0], [-1, -1, 1, -1, -1, -1, 0, 0], [1, 1, -1, -1, -1, 0, 0, 0], [1, -1, -1, -1, 0, -1, 0, 0], [-1, -1, 0, 0, 0, 0, -1, 0], [0, 0, 0, 0, 0, 0, 0, 0]]]
Use Time: 0.18554186820983887, This step timeout is False
The candidate list of user is: [(0, 0), (0, 0)]
Chessboard output is: 
[[-1 -1 -1 -1 -1 -1 -1  0]
 [-1 -1  1  1  1 -1 -1  0]
 [-1  1  1  1  1 -1  0  0]
 [-1 -1  1 -1 -1 -1  0  0]
 [ 1  1 -1 -1 -1  0  0  0]
 [ 1 -1 -1 -1  0 -1  0  0]
 [-1 -1  0  0  0  0 -1  0]
 [ 0  0  0  0  0  0  0  0]]
-----------------
Chessboard input is: 
[[-1 -1 -1 -1 -1 -1 -1  0]
 [-1 -1  1  1  1 -1 -1  0]
 [-1  1  1  1  1 -1  0  0]
 [-1 -1  1 -1 -1 -1  0  0]
 [ 1  1 -1 -1 -1  0  0  0]
 [ 1 -1 -1 -1  0 -1  0  0]
 [-1 -1  0  0  0  0 -1  0]
 [ 0  0  0  0  0  0  0  0]]
['12011014', '1', '0', 6, 2, 1, [[-1, -1, -1, -1, -1, -1, -1, 0], [-1, -1, 1, 1, 1, -1, -1, 0], [-1, 1, 1, 1, 1, -1, 0, 0], [-1, -1, 1, -1, -1, -1, 0, 0], [1, 1, 1, -1, -1, 0, 0, 0], [1, 1, 1, -1, 0, -1, 0, 0], [-1, -1, 1, 0, 0, 0, -1, 0], [0, 0, 0, 0, 0, 0, 0, 0]]]
Use Time: 2.7823188304901123, This step timeout is False
The candidate list of user is: [(1, 7), (2, 6), (3, 6), (3, 6), (4, 5), (4, 5), (4, 6), (5, 4), (5, 4), (5, 4), (6, 2), (6, 2), (6, 3), (6, 3), (7, 0), (7, 1), (7, 2), (7, 7), (2, 6), (6, 2)]
Chessboard output is: 
[[-1 -1 -1 -1 -1 -1 -1  0]
 [-1 -1  1  1  1 -1 -1  0]
 [-1  1  1  1  1 -1  0  0]
 [-1 -1  1 -1 -1 -1  0  0]
 [ 1  1  1 -1 -1  0  0  0]
 [ 1  1  1 -1  0 -1  0  0]
 [-1 -1  1  0  0  0 -1  0]
 [ 0  0  0  0  0  0  0  0]]
-----------------
Chessboard input is: 
[[-1 -1 -1 -1 -1 -1 -1  0]
 [-1 -1  1  1  1 -1 -1  0]
 [-1  1  1  1  1 -1  0  0]
 [-1 -1  1 -1 -1 -1  0  0]
 [ 1  1  1 -1 -1  0  0  0]
 [ 1  1  1 -1  0 -1  0  0]
 [-1 -1  1  0  0  0 -1  0]
 [ 0  0  0  0  0  0  0  0]]
['12011014', '1', '0', 7, 1, -1, [[-1, -1, -1, -1, -1, -1, -1, 0], [-1, -1, 1, 1, 1, -1, -1, 0], [-1, 1, 1, 1, 1, -1, 0, 0], [-1, -1, 1, -1, -1, -1, 0, 0], [1, 1, 1, -1, -1, 0, 0, 0], [1, 1, 1, -1, 0, -1, 0, 0], [-1, -1, -1, 0, 0, 0, -1, 0], [0, -1, 0, 0, 0, 0, 0, 0]]]
Use Time: 0.5398209095001221, This step timeout is False
The candidate list of user is: [(6, 3), (7, 1), (7, 2), (7, 1)]
Chessboard output is: 
[[-1 -1 -1 -1 -1 -1 -1  0]
 [-1 -1  1  1  1 -1 -1  0]
 [-1  1  1  1  1 -1  0  0]
 [-1 -1  1 -1 -1 -1  0  0]
 [ 1  1  1 -1 -1  0  0  0]
 [ 1  1  1 -1  0 -1  0  0]
 [-1 -1 -1  0  0  0 -1  0]
 [ 0 -1  0  0  0  0  0  0]]
-----------------
Chessboard input is: 
[[-1 -1 -1 -1 -1 -1 -1  0]
 [-1 -1  1  1  1 -1 -1  0]
 [-1  1  1  1  1 -1  0  0]
 [-1 -1  1 -1 -1 -1  0  0]
 [ 1  1  1 -1 -1  0  0  0]
 [ 1  1  1 -1  0 -1  0  0]
 [-1 -1 -1  0  0  0 -1  0]
 [ 0 -1  0  0  0  0  0  0]]
['12011014', '1', '0', 7, 3, 1, [[-1, -1, -1, -1, -1, -1, -1, 0], [-1, -1, 1, 1, 1, -1, -1, 0], [-1, 1, 1, 1, 1, -1, 0, 0], [-1, -1, 1, -1, -1, -1, 0, 0], [1, 1, 1, -1, -1, 0, 0, 0], [1, 1, 1, -1, 0, -1, 0, 0], [-1, -1, 1, 0, 0, 0, -1, 0], [0, -1, 0, 1, 0, 0, 0, 0]]]
Use Time: 4.25478720664978, This step timeout is False
The candidate list of user is: [(0, 7), (1, 7), (2, 6), (3, 6), (3, 6), (4, 5), (4, 5), (4, 6), (5, 4), (5, 4), (5, 4), (6, 3), (6, 4), (7, 0), (7, 0), (7, 2), (7, 2), (7, 3), (7, 7), (7, 3), (7, 3)]
Chessboard output is: 
[[-1 -1 -1 -1 -1 -1 -1  0]
 [-1 -1  1  1  1 -1 -1  0]
 [-1  1  1  1  1 -1  0  0]
 [-1 -1  1 -1 -1 -1  0  0]
 [ 1  1  1 -1 -1  0  0  0]
 [ 1  1  1 -1  0 -1  0  0]
 [-1 -1  1  0  0  0 -1  0]
 [ 0 -1  0  1  0  0  0  0]]
-----------------
Chessboard input is: 
[[-1 -1 -1 -1 -1 -1 -1  0]
 [-1 -1  1  1  1 -1 -1  0]
 [-1  1  1  1  1 -1  0  0]
 [-1 -1  1 -1 -1 -1  0  0]
 [ 1  1  1 -1 -1  0  0  0]
 [ 1  1  1 -1  0 -1  0  0]
 [-1 -1  1  0  0  0 -1  0]
 [ 0 -1  0  1  0  0  0  0]]
['12011014', '1', '0', 6, 3, -1, [[-1, -1, -1, -1, -1, -1, -1, 0], [-1, -1, 1, 1, 1, -1, -1, 0], [-1, 1, 1, 1, 1, -1, 0, 0], [-1, -1, 1, -1, -1, -1, 0, 0], [1, -1, 1, -1, -1, 0, 0, 0], [1, 1, -1, -1, 0, -1, 0, 0], [-1, -1, -1, -1, 0, 0, -1, 0], [0, -1, 0, 1, 0, 0, 0, 0]]]
Use Time: 0.16651535034179688, This step timeout is False
The candidate list of user is: [(6, 3), (7, 2), (6, 3)]
Chessboard output is: 
[[-1 -1 -1 -1 -1 -1 -1  0]
 [-1 -1  1  1  1 -1 -1  0]
 [-1  1  1  1  1 -1  0  0]
 [-1 -1  1 -1 -1 -1  0  0]
 [ 1 -1  1 -1 -1  0  0  0]
 [ 1  1 -1 -1  0 -1  0  0]
 [-1 -1 -1 -1  0  0 -1  0]
 [ 0 -1  0  1  0  0  0  0]]
-----------------
Chessboard input is: 
[[-1 -1 -1 -1 -1 -1 -1  0]
 [-1 -1  1  1  1 -1 -1  0]
 [-1  1  1  1  1 -1  0  0]
 [-1 -1  1 -1 -1 -1  0  0]
 [ 1 -1  1 -1 -1  0  0  0]
 [ 1  1 -1 -1  0 -1  0  0]
 [-1 -1 -1 -1  0  0 -1  0]
 [ 0 -1  0  1  0  0  0  0]]
['12011014', '1', '0', 2, 6, 1, [[-1, -1, -1, -1, -1, -1, -1, 0], [-1, -1, 1, 1, 1, -1, -1, 0], [-1, 1, 1, 1, 1, 1, 1, 0], [-1, -1, 1, -1, -1, -1, 0, 0], [1, -1, 1, -1, -1, 0, 0, 0], [1, 1, -1, -1, 0, -1, 0, 0], [-1, -1, -1, -1, 0, 0, -1, 0], [0, -1, 0, 1, 0, 0, 0, 0]]]
Use Time: 2.2862496376037598, This step timeout is False
The candidate list of user is: [(1, 7), (2, 6), (3, 6), (3, 6), (4, 5), (4, 5), (4, 6), (5, 4), (5, 4), (5, 4), (6, 4), (7, 0), (7, 2), (7, 2), (7, 7), (4, 5), (2, 6)]
Chessboard output is: 
[[-1 -1 -1 -1 -1 -1 -1  0]
 [-1 -1  1  1  1 -1 -1  0]
 [-1  1  1  1  1  1  1  0]
 [-1 -1  1 -1 -1 -1  0  0]
 [ 1 -1  1 -1 -1  0  0  0]
 [ 1  1 -1 -1  0 -1  0  0]
 [-1 -1 -1 -1  0  0 -1  0]
 [ 0 -1  0  1  0  0  0  0]]
-----------------
Chessboard input is: 
[[-1 -1 -1 -1 -1 -1 -1  0]
 [-1 -1  1  1  1 -1 -1  0]
 [-1  1  1  1  1  1  1  0]
 [-1 -1  1 -1 -1 -1  0  0]
 [ 1 -1  1 -1 -1  0  0  0]
 [ 1  1 -1 -1  0 -1  0  0]
 [-1 -1 -1 -1  0  0 -1  0]
 [ 0 -1  0  1  0  0  0  0]]
['12011014', '1', '0', 1, 7, -1, [[-1, -1, -1, -1, -1, -1, -1, 0], [-1, -1, 1, 1, 1, -1, -1, -1], [-1, 1, 1, 1, 1, 1, -1, 0], [-1, -1, 1, -1, -1, -1, 0, 0], [1, -1, 1, -1, -1, 0, 0, 0], [1, 1, -1, -1, 0, -1, 0, 0], [-1, -1, -1, -1, 0, 0, -1, 0], [0, -1, 0, 1, 0, 0, 0, 0]]]
Use Time: 0.27735209465026855, This step timeout is False
The candidate list of user is: [(1, 7), (2, 7), (3, 6), (3, 7), (1, 7)]
Chessboard output is: 
[[-1 -1 -1 -1 -1 -1 -1  0]
 [-1 -1  1  1  1 -1 -1 -1]
 [-1  1  1  1  1  1 -1  0]
 [-1 -1  1 -1 -1 -1  0  0]
 [ 1 -1  1 -1 -1  0  0  0]
 [ 1  1 -1 -1  0 -1  0  0]
 [-1 -1 -1 -1  0  0 -1  0]
 [ 0 -1  0  1  0  0  0  0]]
-----------------
Chessboard input is: 
[[-1 -1 -1 -1 -1 -1 -1  0]
 [-1 -1  1  1  1 -1 -1 -1]
 [-1  1  1  1  1  1 -1  0]
 [-1 -1  1 -1 -1 -1  0  0]
 [ 1 -1  1 -1 -1  0  0  0]
 [ 1  1 -1 -1  0 -1  0  0]
 [-1 -1 -1 -1  0  0 -1  0]
 [ 0 -1  0  1  0  0  0  0]]
['12011014', '1', '0', 3, 6, 1, [[-1, -1, -1, -1, -1, -1, -1, 0], [-1, -1, 1, 1, 1, -1, -1, -1], [-1, 1, 1, 1, 1, 1, -1, 0], [-1, -1, 1, 1, 1, 1, 1, 0], [1, -1, 1, -1, -1, 0, 0, 0], [1, 1, -1, -1, 0, -1, 0, 0], [-1, -1, -1, -1, 0, 0, -1, 0], [0, -1, 0, 1, 0, 0, 0, 0]]]
Use Time: 1.9205524921417236, This step timeout is False
The candidate list of user is: [(0, 7), (2, 7), (3, 6), (4, 5), (4, 5), (4, 5), (4, 6), (5, 4), (5, 4), (5, 4), (6, 4), (7, 0), (7, 0), (7, 2), (7, 2), (7, 7), (4, 6), (3, 6)]
Chessboard output is: 
[[-1 -1 -1 -1 -1 -1 -1  0]
 [-1 -1  1  1  1 -1 -1 -1]
 [-1  1  1  1  1  1 -1  0]
 [-1 -1  1  1  1  1  1  0]
 [ 1 -1  1 -1 -1  0  0  0]
 [ 1  1 -1 -1  0 -1  0  0]
 [-1 -1 -1 -1  0  0 -1  0]
 [ 0 -1  0  1  0  0  0  0]]
-----------------
Chessboard input is: 
[[-1 -1 -1 -1 -1 -1 -1  0]
 [-1 -1  1  1  1 -1 -1 -1]
 [-1  1  1  1  1  1 -1  0]
 [-1 -1  1  1  1  1  1  0]
 [ 1 -1  1 -1 -1  0  0  0]
 [ 1  1 -1 -1  0 -1  0  0]
 [-1 -1 -1 -1  0  0 -1  0]
 [ 0 -1  0  1  0  0  0  0]]
['12011014', '1', '0', 4, 7, -1, [[-1, -1, -1, -1, -1, -1, -1, 0], [-1, -1, 1, 1, -1, -1, -1, -1], [-1, 1, 1, 1, 1, -1, -1, 0], [-1, -1, 1, 1, 1, 1, -1, 0], [1, -1, 1, -1, -1, 0, 0, -1], [1, 1, -1, -1, 0, -1, 0, 0], [-1, -1, -1, -1, 0, 0, -1, 0], [0, -1, 0, 1, 0, 0, 0, 0]]]
Use Time: 0.21110081672668457, This step timeout is False
The candidate list of user is: [(3, 7), (4, 5), (4, 6), (4, 7), (4, 7)]
Chessboard output is: 
[[-1 -1 -1 -1 -1 -1 -1  0]
 [-1 -1  1  1 -1 -1 -1 -1]
 [-1  1  1  1  1 -1 -1  0]
 [-1 -1  1  1  1  1 -1  0]
 [ 1 -1  1 -1 -1  0  0 -1]
 [ 1  1 -1 -1  0 -1  0  0]
 [-1 -1 -1 -1  0  0 -1  0]
 [ 0 -1  0  1  0  0  0  0]]
-----------------
Chessboard input is: 
[[-1 -1 -1 -1 -1 -1 -1  0]
 [-1 -1  1  1 -1 -1 -1 -1]
 [-1  1  1  1  1 -1 -1  0]
 [-1 -1  1  1  1  1 -1  0]
 [ 1 -1  1 -1 -1  0  0 -1]
 [ 1  1 -1 -1  0 -1  0  0]
 [-1 -1 -1 -1  0  0 -1  0]
 [ 0 -1  0  1  0  0  0  0]]
['12011014', '1', '0', 4, 5, 1, [[-1, -1, -1, -1, -1, -1, -1, 0], [-1, -1, 1, 1, -1, -1, -1, -1], [-1, 1, 1, 1, 1, -1, -1, 0], [-1, -1, 1, 1, 1, 1, -1, 0], [1, -1, 1, 1, 1, 1, 0, -1], [1, 1, -1, -1, 0, -1, 0, 0], [-1, -1, -1, -1, 0, 0, -1, 0], [0, -1, 0, 1, 0, 0, 0, 0]]]
Use Time: 1.5011265277862549, This step timeout is False
The candidate list of user is: [(0, 7), (2, 7), (3, 7), (4, 5), (5, 4), (5, 4), (5, 4), (6, 4), (7, 0), (7, 0), (7, 2), (7, 2), (7, 7), (4, 5), (4, 5)]
Chessboard output is: 
[[-1 -1 -1 -1 -1 -1 -1  0]
 [-1 -1  1  1 -1 -1 -1 -1]
 [-1  1  1  1  1 -1 -1  0]
 [-1 -1  1  1  1  1 -1  0]
 [ 1 -1  1  1  1  1  0 -1]
 [ 1  1 -1 -1  0 -1  0  0]
 [-1 -1 -1 -1  0  0 -1  0]
 [ 0 -1  0  1  0  0  0  0]]
-----------------
Chessboard input is: 
[[-1 -1 -1 -1 -1 -1 -1  0]
 [-1 -1  1  1 -1 -1 -1 -1]
 [-1  1  1  1  1 -1 -1  0]
 [-1 -1  1  1  1  1 -1  0]
 [ 1 -1  1  1  1  1  0 -1]
 [ 1  1 -1 -1  0 -1  0  0]
 [-1 -1 -1 -1  0  0 -1  0]
 [ 0 -1  0  1  0  0  0  0]]
['12011014', '1', '0', 5, 4, -1, [[-1, -1, -1, -1, -1, -1, -1, 0], [-1, -1, 1, 1, -1, -1, -1, -1], [-1, -1, 1, 1, -1, -1, -1, 0], [-1, -1, -1, 1, -1, 1, -1, 0], [1, -1, 1, -1, -1, -1, 0, -1], [1, 1, -1, -1, -1, -1, 0, 0], [-1, -1, -1, -1, 0, 0, -1, 0], [0, -1, 0, 1, 0, 0, 0, 0]]]
Use Time: 0.11752462387084961, This step timeout is False
The candidate list of user is: [(4, 6), (5, 4), (5, 6), (5, 4)]
Chessboard output is: 
[[-1 -1 -1 -1 -1 -1 -1  0]
 [-1 -1  1  1 -1 -1 -1 -1]
 [-1 -1  1  1 -1 -1 -1  0]
 [-1 -1 -1  1 -1  1 -1  0]
 [ 1 -1  1 -1 -1 -1  0 -1]
 [ 1  1 -1 -1 -1 -1  0  0]
 [-1 -1 -1 -1  0  0 -1  0]
 [ 0 -1  0  1  0  0  0  0]]
-----------------
Chessboard input is: 
[[-1 -1 -1 -1 -1 -1 -1  0]
 [-1 -1  1  1 -1 -1 -1 -1]
 [-1 -1  1  1 -1 -1 -1  0]
 [-1 -1 -1  1 -1  1 -1  0]
 [ 1 -1  1 -1 -1 -1  0 -1]
 [ 1  1 -1 -1 -1 -1  0  0]
 [-1 -1 -1 -1  0  0 -1  0]
 [ 0 -1  0  1  0  0  0  0]]
['12011014', '1', '0', 4, 6, 1, [[-1, -1, -1, -1, -1, -1, -1, 0], [-1, -1, 1, 1, -1, -1, -1, -1], [-1, -1, 1, 1, -1, -1, -1, 0], [-1, -1, -1, 1, -1, 1, -1, 0], [1, -1, 1, 1, 1, 1, 1, -1], [1, 1, -1, -1, -1, -1, 0, 0], [-1, -1, -1, -1, 0, 0, -1, 0], [0, -1, 0, 1, 0, 0, 0, 0]]]
Use Time: 0.8390681743621826, This step timeout is False
The candidate list of user is: [(2, 7), (3, 7), (4, 6), (5, 6), (5, 6), (6, 4), (6, 5), (7, 0), (7, 2), (7, 2), (7, 7), (3, 7), (4, 6)]
Chessboard output is: 
[[-1 -1 -1 -1 -1 -1 -1  0]
 [-1 -1  1  1 -1 -1 -1 -1]
 [-1 -1  1  1 -1 -1 -1  0]
 [-1 -1 -1  1 -1  1 -1  0]
 [ 1 -1  1  1  1  1  1 -1]
 [ 1  1 -1 -1 -1 -1  0  0]
 [-1 -1 -1 -1  0  0 -1  0]
 [ 0 -1  0  1  0  0  0  0]]
-----------------
Chessboard input is: 
[[-1 -1 -1 -1 -1 -1 -1  0]
 [-1 -1  1  1 -1 -1 -1 -1]
 [-1 -1  1  1 -1 -1 -1  0]
 [-1 -1 -1  1 -1  1 -1  0]
 [ 1 -1  1  1  1  1  1 -1]
 [ 1  1 -1 -1 -1 -1  0  0]
 [-1 -1 -1 -1  0  0 -1  0]
 [ 0 -1  0  1  0  0  0  0]]
['12011014', '1', '0', 3, 7, -1, [[-1, -1, -1, -1, -1, -1, -1, 0], [-1, -1, 1, 1, -1, -1, -1, -1], [-1, -1, 1, 1, -1, -1, -1, 0], [-1, -1, -1, 1, -1, 1, -1, -1], [1, -1, 1, 1, 1, 1, -1, -1], [1, 1, -1, -1, -1, -1, 0, 0], [-1, -1, -1, -1, 0, 0, -1, 0], [0, -1, 0, 1, 0, 0, 0, 0]]]
Use Time: 0.1139676570892334, This step timeout is False
The candidate list of user is: [(3, 7), (5, 6), (5, 7), (3, 7)]
Chessboard output is: 
[[-1 -1 -1 -1 -1 -1 -1  0]
 [-1 -1  1  1 -1 -1 -1 -1]
 [-1 -1  1  1 -1 -1 -1  0]
 [-1 -1 -1  1 -1  1 -1 -1]
 [ 1 -1  1  1  1  1 -1 -1]
 [ 1  1 -1 -1 -1 -1  0  0]
 [-1 -1 -1 -1  0  0 -1  0]
 [ 0 -1  0  1  0  0  0  0]]
-----------------
Chessboard input is: 
[[-1 -1 -1 -1 -1 -1 -1  0]
 [-1 -1  1  1 -1 -1 -1 -1]
 [-1 -1  1  1 -1 -1 -1  0]
 [-1 -1 -1  1 -1  1 -1 -1]
 [ 1 -1  1  1  1  1 -1 -1]
 [ 1  1 -1 -1 -1 -1  0  0]
 [-1 -1 -1 -1  0  0 -1  0]
 [ 0 -1  0  1  0  0  0  0]]
['12011014', '1', '0', 5, 7, 1, [[-1, -1, -1, -1, -1, -1, -1, 0], [-1, -1, 1, 1, -1, -1, -1, -1], [-1, -1, 1, 1, -1, -1, -1, 0], [-1, -1, -1, 1, -1, 1, -1, -1], [1, -1, 1, 1, 1, 1, 1, -1], [1, 1, -1, -1, -1, -1, 0, 1], [-1, -1, -1, -1, 0, 0, -1, 0], [0, -1, 0, 1, 0, 0, 0, 0]]]
Use Time: 0.6393883228302002, This step timeout is False
The candidate list of user is: [(0, 7), (2, 7), (2, 7), (5, 6), (5, 7), (6, 4), (6, 4), (6, 5), (6, 5), (7, 0), (7, 0), (7, 2), (7, 2), (7, 2), (7, 7), (5, 7), (5, 7)]
Chessboard output is: 
[[-1 -1 -1 -1 -1 -1 -1  0]
 [-1 -1  1  1 -1 -1 -1 -1]
 [-1 -1  1  1 -1 -1 -1  0]
 [-1 -1 -1  1 -1  1 -1 -1]
 [ 1 -1  1  1  1  1  1 -1]
 [ 1  1 -1 -1 -1 -1  0  1]
 [-1 -1 -1 -1  0  0 -1  0]
 [ 0 -1  0  1  0  0  0  0]]
-----------------
Chessboard input is: 
[[-1 -1 -1 -1 -1 -1 -1  0]
 [-1 -1  1  1 -1 -1 -1 -1]
 [-1 -1  1  1 -1 -1 -1  0]
 [-1 -1 -1  1 -1  1 -1 -1]
 [ 1 -1  1  1  1  1  1 -1]
 [ 1  1 -1 -1 -1 -1  0  1]
 [-1 -1 -1 -1  0  0 -1  0]
 [ 0 -1  0  1  0  0  0  0]]
['12011014', '1', '0', 5, 6, -1, [[-1, -1, -1, -1, -1, -1, -1, 0], [-1, -1, 1, 1, -1, -1, -1, -1], [-1, -1, 1, 1, -1, -1, -1, 0], [-1, -1, -1, 1, -1, 1, -1, -1], [1, -1, 1, 1, 1, -1, -1, -1], [1, 1, -1, -1, -1, -1, -1, 1], [-1, -1, -1, -1, 0, 0, -1, 0], [0, -1, 0, 1, 0, 0, 0, 0]]]
Use Time: 0.04979515075683594, This step timeout is False
The candidate list of user is: [(5, 6), (6, 7), (5, 6)]
Chessboard output is: 
[[-1 -1 -1 -1 -1 -1 -1  0]
 [-1 -1  1  1 -1 -1 -1 -1]
 [-1 -1  1  1 -1 -1 -1  0]
 [-1 -1 -1  1 -1  1 -1 -1]
 [ 1 -1  1  1  1 -1 -1 -1]
 [ 1  1 -1 -1 -1 -1 -1  1]
 [-1 -1 -1 -1  0  0 -1  0]
 [ 0 -1  0  1  0  0  0  0]]
-----------------
Chessboard input is: 
[[-1 -1 -1 -1 -1 -1 -1  0]
 [-1 -1  1  1 -1 -1 -1 -1]
 [-1 -1  1  1 -1 -1 -1  0]
 [-1 -1 -1  1 -1  1 -1 -1]
 [ 1 -1  1  1  1 -1 -1 -1]
 [ 1  1 -1 -1 -1 -1 -1  1]
 [-1 -1 -1 -1  0  0 -1  0]
 [ 0 -1  0  1  0  0  0  0]]
['12011014', '1', '0', 6, 7, 1, [[-1, -1, -1, -1, -1, -1, -1, 0], [-1, -1, 1, 1, -1, -1, -1, -1], [-1, -1, 1, 1, -1, -1, -1, 0], [-1, -1, -1, 1, 1, 1, -1, -1], [1, -1, 1, 1, 1, 1, -1, -1], [1, 1, -1, -1, -1, -1, 1, 1], [-1, -1, -1, -1, 0, 0, -1, 1], [0, -1, 0, 1, 0, 0, 0, 0]]]
Use Time: 0.3121480941772461, This step timeout is False
The candidate list of user is: [(0, 7), (2, 7), (2, 7), (6, 4), (6, 4), (6, 5), (6, 5), (6, 7), (7, 0), (7, 0), (7, 2), (7, 2), (7, 5), (7, 7), (6, 7), (6, 7)]
Chessboard output is: 
[[-1 -1 -1 -1 -1 -1 -1  0]
 [-1 -1  1  1 -1 -1 -1 -1]
 [-1 -1  1  1 -1 -1 -1  0]
 [-1 -1 -1  1  1  1 -1 -1]
 [ 1 -1  1  1  1  1 -1 -1]
 [ 1  1 -1 -1 -1 -1  1  1]
 [-1 -1 -1 -1  0  0 -1  1]
 [ 0 -1  0  1  0  0  0  0]]
-----------------
Chessboard input is: 
[[-1 -1 -1 -1 -1 -1 -1  0]
 [-1 -1  1  1 -1 -1 -1 -1]
 [-1 -1  1  1 -1 -1 -1  0]
 [-1 -1 -1  1  1  1 -1 -1]
 [ 1 -1  1  1  1  1 -1 -1]
 [ 1  1 -1 -1 -1 -1  1  1]
 [-1 -1 -1 -1  0  0 -1  1]
 [ 0 -1  0  1  0  0  0  0]]
['12011014', '1', '0', 6, 5, -1, [[-1, -1, -1, -1, -1, -1, -1, 0], [-1, -1, 1, 1, -1, -1, -1, -1], [-1, -1, 1, 1, -1, -1, -1, 0], [-1, -1, -1, 1, 1, 1, -1, -1], [1, -1, 1, 1, 1, 1, -1, -1], [1, 1, -1, -1, -1, -1, -1, 1], [-1, -1, -1, -1, 0, -1, -1, 1], [0, -1, 0, 1, 0, 0, 0, 0]]]
Use Time: 0.02772235870361328, This step timeout is False
The candidate list of user is: [(6, 5), (7, 7), (6, 5)]
Chessboard output is: 
[[-1 -1 -1 -1 -1 -1 -1  0]
 [-1 -1  1  1 -1 -1 -1 -1]
 [-1 -1  1  1 -1 -1 -1  0]
 [-1 -1 -1  1  1  1 -1 -1]
 [ 1 -1  1  1  1  1 -1 -1]
 [ 1  1 -1 -1 -1 -1 -1  1]
 [-1 -1 -1 -1  0 -1 -1  1]
 [ 0 -1  0  1  0  0  0  0]]
-----------------
Chessboard input is: 
[[-1 -1 -1 -1 -1 -1 -1  0]
 [-1 -1  1  1 -1 -1 -1 -1]
 [-1 -1  1  1 -1 -1 -1  0]
 [-1 -1 -1  1  1  1 -1 -1]
 [ 1 -1  1  1  1  1 -1 -1]
 [ 1  1 -1 -1 -1 -1 -1  1]
 [-1 -1 -1 -1  0 -1 -1  1]
 [ 0 -1  0  1  0  0  0  0]]
['12011014', '1', '0', 2, 7, 1, [[-1, -1, -1, -1, -1, -1, -1, 0], [-1, -1, 1, 1, -1, -1, -1, -1], [-1, -1, 1, 1, 1, 1, 1, 1], [-1, -1, -1, 1, 1, 1, 1, 1], [1, -1, 1, 1, 1, 1, -1, 1], [1, 1, -1, -1, -1, -1, -1, 1], [-1, -1, -1, -1, 0, -1, -1, 1], [0, -1, 0, 1, 0, 0, 0, 0]]]
Use Time: 0.14970040321350098, This step timeout is False
The candidate list of user is: [(0, 7), (2, 7), (2, 7), (2, 7), (6, 4), (6, 4), (6, 4), (7, 0), (7, 0), (7, 2), (7, 2), (7, 2), (7, 5), (7, 5), (7, 6), (7, 7), (2, 7), (2, 7)]
Chessboard output is: 
[[-1 -1 -1 -1 -1 -1 -1  0]
 [-1 -1  1  1 -1 -1 -1 -1]
 [-1 -1  1  1  1  1  1  1]
 [-1 -1 -1  1  1  1  1  1]
 [ 1 -1  1  1  1  1 -1  1]
 [ 1  1 -1 -1 -1 -1 -1  1]
 [-1 -1 -1 -1  0 -1 -1  1]
 [ 0 -1  0  1  0  0  0  0]]
-----------------
Chessboard input is: 
[[-1 -1 -1 -1 -1 -1 -1  0]
 [-1 -1  1  1 -1 -1 -1 -1]
 [-1 -1  1  1  1  1  1  1]
 [-1 -1 -1  1  1  1  1  1]
 [ 1 -1  1  1  1  1 -1  1]
 [ 1  1 -1 -1 -1 -1 -1  1]
 [-1 -1 -1 -1  0 -1 -1  1]
 [ 0 -1  0  1  0  0  0  0]]
['12011014', '1', '0', 7, 7, -1, [[-1, -1, -1, -1, -1, -1, -1, 0], [-1, -1, 1, 1, -1, -1, -1, -1], [-1, -1, 1, 1, 1, 1, 1, -1], [-1, -1, -1, 1, 1, 1, 1, -1], [1, -1, 1, 1, 1, 1, -1, -1], [1, 1, -1, -1, -1, -1, -1, -1], [-1, -1, -1, -1, 0, -1, -1, -1], [0, -1, 0, 1, 0, 0, 0, -1]]]
Use Time: 0.005092144012451172, This step timeout is False
The candidate list of user is: [(7, 7), (7, 7)]
Chessboard output is: 
[[-1 -1 -1 -1 -1 -1 -1  0]
 [-1 -1  1  1 -1 -1 -1 -1]
 [-1 -1  1  1  1  1  1 -1]
 [-1 -1 -1  1  1  1  1 -1]
 [ 1 -1  1  1  1  1 -1 -1]
 [ 1  1 -1 -1 -1 -1 -1 -1]
 [-1 -1 -1 -1  0 -1 -1 -1]
 [ 0 -1  0  1  0  0  0 -1]]
-----------------
Chessboard input is: 
[[-1 -1 -1 -1 -1 -1 -1  0]
 [-1 -1  1  1 -1 -1 -1 -1]
 [-1 -1  1  1  1  1  1 -1]
 [-1 -1 -1  1  1  1  1 -1]
 [ 1 -1  1  1  1  1 -1 -1]
 [ 1  1 -1 -1 -1 -1 -1 -1]
 [-1 -1 -1 -1  0 -1 -1 -1]
 [ 0 -1  0  1  0  0  0 -1]]
['12011014', '1', '0', 7, 6, 1, [[-1, -1, -1, -1, -1, -1, -1, 0], [-1, -1, 1, 1, -1, -1, -1, -1], [-1, -1, 1, 1, 1, 1, 1, -1], [-1, -1, -1, 1, 1, 1, 1, -1], [1, -1, 1, 1, 1, 1, 1, -1], [1, 1, -1, -1, 1, -1, 1, -1], [-1, -1, -1, -1, 0, 1, 1, -1], [0, -1, 0, 1, 0, 0, 1, -1]]]
Use Time: 0.02206897735595703, This step timeout is False
The candidate list of user is: [(0, 7), (6, 4), (6, 4), (7, 0), (7, 0), (7, 2), (7, 2), (7, 2), (7, 5), (7, 6), (7, 6), (6, 4), (7, 6)]
Chessboard output is: 
[[-1 -1 -1 -1 -1 -1 -1  0]
 [-1 -1  1  1 -1 -1 -1 -1]
 [-1 -1  1  1  1  1  1 -1]
 [-1 -1 -1  1  1  1  1 -1]
 [ 1 -1  1  1  1  1  1 -1]
 [ 1  1 -1 -1  1 -1  1 -1]
 [-1 -1 -1 -1  0  1  1 -1]
 [ 0 -1  0  1  0  0  1 -1]]
-----------------
Chessboard input is: 
[[-1 -1 -1 -1 -1 -1 -1  0]
 [-1 -1  1  1 -1 -1 -1 -1]
 [-1 -1  1  1  1  1  1 -1]
 [-1 -1 -1  1  1  1  1 -1]
 [ 1 -1  1  1  1  1  1 -1]
 [ 1  1 -1 -1  1 -1  1 -1]
 [-1 -1 -1 -1  0  1  1 -1]
 [ 0 -1  0  1  0  0  1 -1]]
['12011014', '1', '0', 7, 4, -1, [[-1, -1, -1, -1, -1, -1, -1, 0], [-1, -1, 1, 1, -1, -1, -1, -1], [-1, -1, 1, 1, 1, 1, 1, -1], [-1, -1, -1, 1, 1, 1, 1, -1], [1, -1, 1, 1, 1, 1, 1, -1], [1, 1, -1, -1, 1, -1, -1, -1], [-1, -1, -1, -1, 0, -1, 1, -1], [0, -1, 0, 1, -1, 0, 1, -1]]]
Use Time: 0.005959272384643555, This step timeout is False
The candidate list of user is: [(6, 4), (7, 4), (7, 5), (7, 4)]
Chessboard output is: 
[[-1 -1 -1 -1 -1 -1 -1  0]
 [-1 -1  1  1 -1 -1 -1 -1]
 [-1 -1  1  1  1  1  1 -1]
 [-1 -1 -1  1  1  1  1 -1]
 [ 1 -1  1  1  1  1  1 -1]
 [ 1  1 -1 -1  1 -1 -1 -1]
 [-1 -1 -1 -1  0 -1  1 -1]
 [ 0 -1  0  1 -1  0  1 -1]]
-----------------
Chessboard input is: 
[[-1 -1 -1 -1 -1 -1 -1  0]
 [-1 -1  1  1 -1 -1 -1 -1]
 [-1 -1  1  1  1  1  1 -1]
 [-1 -1 -1  1  1  1  1 -1]
 [ 1 -1  1  1  1  1  1 -1]
 [ 1  1 -1 -1  1 -1 -1 -1]
 [-1 -1 -1 -1  0 -1  1 -1]
 [ 0 -1  0  1 -1  0  1 -1]]
['12011014', '1', '0', 6, 4, 1, [[-1, -1, -1, -1, -1, -1, -1, 0], [-1, -1, 1, 1, -1, -1, -1, -1], [-1, -1, 1, 1, 1, 1, 1, -1], [-1, -1, -1, 1, 1, 1, 1, -1], [1, -1, 1, 1, 1, 1, 1, -1], [1, 1, -1, 1, 1, 1, -1, -1], [-1, -1, -1, -1, 1, 1, 1, -1], [0, -1, 0, 1, -1, 0, 1, -1]]]
Use Time: 0.0076694488525390625, This step timeout is False
The candidate list of user is: [(0, 7), (6, 4), (6, 4), (6, 4), (7, 0), (7, 0), (7, 2), (7, 2), (7, 2), (7, 5), (7, 5), (7, 5), (6, 4)]
Chessboard output is: 
[[-1 -1 -1 -1 -1 -1 -1  0]
 [-1 -1  1  1 -1 -1 -1 -1]
 [-1 -1  1  1  1  1  1 -1]
 [-1 -1 -1  1  1  1  1 -1]
 [ 1 -1  1  1  1  1  1 -1]
 [ 1  1 -1  1  1  1 -1 -1]
 [-1 -1 -1 -1  1  1  1 -1]
 [ 0 -1  0  1 -1  0  1 -1]]
-----------------
Chessboard input is: 
[[-1 -1 -1 -1 -1 -1 -1  0]
 [-1 -1  1  1 -1 -1 -1 -1]
 [-1 -1  1  1  1  1  1 -1]
 [-1 -1 -1  1  1  1  1 -1]
 [ 1 -1  1  1  1  1  1 -1]
 [ 1  1 -1  1  1  1 -1 -1]
 [-1 -1 -1 -1  1  1  1 -1]
 [ 0 -1  0  1 -1  0  1 -1]]
['12011014', '1', '0', 7, 2, -1, [[-1, -1, -1, -1, -1, -1, -1, 0], [-1, -1, 1, 1, -1, -1, -1, -1], [-1, -1, 1, 1, 1, 1, 1, -1], [-1, -1, -1, 1, 1, 1, 1, -1], [1, -1, 1, 1, 1, 1, 1, -1], [1, 1, -1, 1, 1, 1, -1, -1], [-1, -1, -1, -1, 1, 1, 1, -1], [0, -1, -1, -1, -1, 0, 1, -1]]]
Use Time: 0.0009970664978027344, This step timeout is False
The candidate list of user is: [(7, 2), (7, 5), (7, 2)]
Chessboard output is: 
[[-1 -1 -1 -1 -1 -1 -1  0]
 [-1 -1  1  1 -1 -1 -1 -1]
 [-1 -1  1  1  1  1  1 -1]
 [-1 -1 -1  1  1  1  1 -1]
 [ 1 -1  1  1  1  1  1 -1]
 [ 1  1 -1  1  1  1 -1 -1]
 [-1 -1 -1 -1  1  1  1 -1]
 [ 0 -1 -1 -1 -1  0  1 -1]]
-----------------
Chessboard input is: 
[[-1 -1 -1 -1 -1 -1 -1  0]
 [-1 -1  1  1 -1 -1 -1 -1]
 [-1 -1  1  1  1  1  1 -1]
 [-1 -1 -1  1  1  1  1 -1]
 [ 1 -1  1  1  1  1  1 -1]
 [ 1  1 -1  1  1  1 -1 -1]
 [-1 -1 -1 -1  1  1  1 -1]
 [ 0 -1 -1 -1 -1  0  1 -1]]
['12011014', '1', '0', 7, 0, 1, [[-1, -1, -1, -1, -1, -1, -1, 0], [-1, -1, 1, 1, -1, -1, -1, -1], [-1, -1, 1, 1, 1, 1, 1, -1], [-1, -1, -1, 1, 1, 1, 1, -1], [1, -1, 1, 1, 1, 1, 1, -1], [1, 1, 1, 1, 1, 1, -1, -1], [1, 1, -1, -1, 1, 1, 1, -1], [1, -1, -1, -1, -1, 0, 1, -1]]]
Use Time: 0.001264810562133789, This step timeout is False
The candidate list of user is: [(0, 7), (7, 0), (7, 0), (7, 0), (7, 0)]
Chessboard output is: 
[[-1 -1 -1 -1 -1 -1 -1  0]
 [-1 -1  1  1 -1 -1 -1 -1]
 [-1 -1  1  1  1  1  1 -1]
 [-1 -1 -1  1  1  1  1 -1]
 [ 1 -1  1  1  1  1  1 -1]
 [ 1  1  1  1  1  1 -1 -1]
 [ 1  1 -1 -1  1  1  1 -1]
 [ 1 -1 -1 -1 -1  0  1 -1]]
-----------------
Chessboard input is: 
[[-1 -1 -1 -1 -1 -1 -1  0]
 [-1 -1  1  1 -1 -1 -1 -1]
 [-1 -1  1  1  1  1  1 -1]
 [-1 -1 -1  1  1  1  1 -1]
 [ 1 -1  1  1  1  1  1 -1]
 [ 1  1  1  1  1  1 -1 -1]
 [ 1  1 -1 -1  1  1  1 -1]
 [ 1 -1 -1 -1 -1  0  1 -1]]
['12011014', '1', '0', 7, 5, -1, [[-1, -1, -1, -1, -1, -1, -1, 0], [-1, -1, 1, 1, -1, -1, -1, -1], [-1, -1, 1, 1, 1, -1, 1, -1], [-1, -1, -1, 1, 1, -1, 1, -1], [1, -1, -1, 1, 1, -1, 1, -1], [1, 1, 1, -1, 1, -1, -1, -1], [1, 1, -1, -1, -1, -1, -1, -1], [1, -1, -1, -1, -1, -1, -1, -1]]]
Use Time: 0.0005633831024169922, This step timeout is False
The candidate list of user is: [(7, 5), (7, 5)]
Chessboard output is: 
[[-1 -1 -1 -1 -1 -1 -1  0]
 [-1 -1  1  1 -1 -1 -1 -1]
 [-1 -1  1  1  1 -1  1 -1]
 [-1 -1 -1  1  1 -1  1 -1]
 [ 1 -1 -1  1  1 -1  1 -1]
 [ 1  1  1 -1  1 -1 -1 -1]
 [ 1  1 -1 -1 -1 -1 -1 -1]
 [ 1 -1 -1 -1 -1 -1 -1 -1]]
-----------------
Chessboard input is: 
[[-1 -1 -1 -1 -1 -1 -1  0]
 [-1 -1  1  1 -1 -1 -1 -1]
 [-1 -1  1  1  1 -1  1 -1]
 [-1 -1 -1  1  1 -1  1 -1]
 [ 1 -1 -1  1  1 -1  1 -1]
 [ 1  1  1 -1  1 -1 -1 -1]
 [ 1  1 -1 -1 -1 -1 -1 -1]
 [ 1 -1 -1 -1 -1 -1 -1 -1]]
['12011014', '1', '0', 0, 7, 1, [[-1, -1, -1, -1, -1, -1, -1, 1], [-1, -1, 1, 1, -1, -1, 1, -1], [-1, -1, 1, 1, 1, 1, 1, -1], [-1, -1, -1, 1, 1, -1, 1, -1], [1, -1, -1, 1, 1, -1, 1, -1], [1, 1, 1, -1, 1, -1, -1, -1], [1, 1, -1, -1, -1, -1, -1, -1], [1, -1, -1, -1, -1, -1, -1, -1]]]
Use Time: 0.0006709098815917969, This step timeout is False
The candidate list of user is: [(0, 7), (0, 7), (0, 7)]
Chessboard output is: 
[[-1 -1 -1 -1 -1 -1 -1  1]
 [-1 -1  1  1 -1 -1  1 -1]
 [-1 -1  1  1  1  1  1 -1]
 [-1 -1 -1  1  1 -1  1 -1]
 [ 1 -1 -1  1  1 -1  1 -1]
 [ 1  1  1 -1  1 -1 -1 -1]
 [ 1  1 -1 -1 -1 -1 -1 -1]
 [ 1 -1 -1 -1 -1 -1 -1 -1]]
-----------------
Winner is 1