Black is 12011014, white is 12012308
white in: /data.12012308
black in: /data.12011014
Chessboard input is: 
[[ 0  0  0  0  0  0  0  0]
 [ 0  0  0  0  0  0  0  0]
 [ 0  0  0  0  0  0  0  0]
 [ 0  0  0  1 -1  0  0  0]
 [ 0  0  0 -1  1  0  0  0]
 [ 0  0  0  0  0  0  0  0]
 [ 0  0  0  0  0  0  0  0]
 [ 0  0  0  0  0  0  0  0]]
['12011014', '1', '0', 2, 3, -1, [[0, 0, 0, 0, 0, 0, 0, 0], [0, 0, 0, 0, 0, 0, 0, 0], [0, 0, 0, -1, 0, 0, 0, 0], [0, 0, 0, -1, -1, 0, 0, 0], [0, 0, 0, -1, 1, 0, 0, 0], [0, 0, 0, 0, 0, 0, 0, 0], [0, 0, 0, 0, 0, 0, 0, 0], [0, 0, 0, 0, 0, 0, 0, 0]]]
Use Time: 3.5275168418884277, This step timeout is False
The candidate list of user is: [(2, 3), (3, 2), (4, 5), (5, 4), (2, 3)]
Chessboard output is: 
[[ 0  0  0  0  0  0  0  0]
 [ 0  0  0  0  0  0  0  0]
 [ 0  0  0 -1  0  0  0  0]
 [ 0  0  0 -1 -1  0  0  0]
 [ 0  0  0 -1  1  0  0  0]
 [ 0  0  0  0  0  0  0  0]
 [ 0  0  0  0  0  0  0  0]
 [ 0  0  0  0  0  0  0  0]]
-----------------
Chessboard input is: 
[[ 0  0  0  0  0  0  0  0]
 [ 0  0  0  0  0  0  0  0]
 [ 0  0  0 -1  0  0  0  0]
 [ 0  0  0 -1 -1  0  0  0]
 [ 0  0  0 -1  1  0  0  0]
 [ 0  0  0  0  0  0  0  0]
 [ 0  0  0  0  0  0  0  0]
 [ 0  0  0  0  0  0  0  0]]
['12011014', '1', '0', 4, 2, 1, [[0, 0, 0, 0, 0, 0, 0, 0], [0, 0, 0, 0, 0, 0, 0, 0], [0, 0, 0, -1, 0, 0, 0, 0], [0, 0, 0, -1, -1, 0, 0, 0], [0, 0, 1, 1, 1, 0, 0, 0], [0, 0, 0, 0, 0, 0, 0, 0], [0, 0, 0, 0, 0, 0, 0, 0], [0, 0, 0, 0, 0, 0, 0, 0]]]
Use Time: 0.3103773593902588, This step timeout is False
The candidate list of user is: [(2, 2), (2, 4), (4, 2), (2, 2), (2, 4), (4, 2)]
Chessboard output is: 
[[ 0  0  0  0  0  0  0  0]
 [ 0  0  0  0  0  0  0  0]
 [ 0  0  0 -1  0  0  0  0]
 [ 0  0  0 -1 -1  0  0  0]
 [ 0  0  1  1  1  0  0  0]
 [ 0  0  0  0  0  0  0  0]
 [ 0  0  0  0  0  0  0  0]
 [ 0  0  0  0  0  0  0  0]]
-----------------
Chessboard input is: 
[[ 0  0  0  0  0  0  0  0]
 [ 0  0  0  0  0  0  0  0]
 [ 0  0  0 -1  0  0  0  0]
 [ 0  0  0 -1 -1  0  0  0]
 [ 0  0  1  1  1  0  0  0]
 [ 0  0  0  0  0  0  0  0]
 [ 0  0  0  0  0  0  0  0]
 [ 0  0  0  0  0  0  0  0]]
['12011014', '1', '0', 5, 3, -1, [[0, 0, 0, 0, 0, 0, 0, 0], [0, 0, 0, 0, 0, 0, 0, 0], [0, 0, 0, -1, 0, 0, 0, 0], [0, 0, 0, -1, -1, 0, 0, 0], [0, 0, 1, -1, 1, 0, 0, 0], [0, 0, 0, -1, 0, 0, 0, 0], [0, 0, 0, 0, 0, 0, 0, 0], [0, 0, 0, 0, 0, 0, 0, 0]]]
Use Time: 0.23990917205810547, This step timeout is False
The candidate list of user is: [(5, 1), (5, 2), (5, 3), (5, 4), (5, 5), (5, 3)]
Chessboard output is: 
[[ 0  0  0  0  0  0  0  0]
 [ 0  0  0  0  0  0  0  0]
 [ 0  0  0 -1  0  0  0  0]
 [ 0  0  0 -1 -1  0  0  0]
 [ 0  0  1 -1  1  0  0  0]
 [ 0  0  0 -1  0  0  0  0]
 [ 0  0  0  0  0  0  0  0]
 [ 0  0  0  0  0  0  0  0]]
-----------------
Chessboard input is: 
[[ 0  0  0  0  0  0  0  0]
 [ 0  0  0  0  0  0  0  0]
 [ 0  0  0 -1  0  0  0  0]
 [ 0  0  0 -1 -1  0  0  0]
 [ 0  0  1 -1  1  0  0  0]
 [ 0  0  0 -1  0  0  0  0]
 [ 0  0  0  0  0  0  0  0]
 [ 0  0  0  0  0  0  0  0]]
['12011014', '1', '0', 2, 4, 1, [[0, 0, 0, 0, 0, 0, 0, 0], [0, 0, 0, 0, 0, 0, 0, 0], [0, 0, 0, -1, 1, 0, 0, 0], [0, 0, 0, 1, 1, 0, 0, 0], [0, 0, 1, -1, 1, 0, 0, 0], [0, 0, 0, -1, 0, 0, 0, 0], [0, 0, 0, 0, 0, 0, 0, 0], [0, 0, 0, 0, 0, 0, 0, 0]]]
Use Time: 0.6923632621765137, This step timeout is False
The candidate list of user is: [(2, 2), (2, 4), (6, 2), (6, 4), (2, 2), (2, 4)]
Chessboard output is: 
[[ 0  0  0  0  0  0  0  0]
 [ 0  0  0  0  0  0  0  0]
 [ 0  0  0 -1  1  0  0  0]
 [ 0  0  0  1  1  0  0  0]
 [ 0  0  1 -1  1  0  0  0]
 [ 0  0  0 -1  0  0  0  0]
 [ 0  0  0  0  0  0  0  0]
 [ 0  0  0  0  0  0  0  0]]
-----------------
Chessboard input is: 
[[ 0  0  0  0  0  0  0  0]
 [ 0  0  0  0  0  0  0  0]
 [ 0  0  0 -1  1  0  0  0]
 [ 0  0  0  1  1  0  0  0]
 [ 0  0  1 -1  1  0  0  0]
 [ 0  0  0 -1  0  0  0  0]
 [ 0  0  0  0  0  0  0  0]
 [ 0  0  0  0  0  0  0  0]]
['12011014', '1', '0', 3, 1, -1, [[0, 0, 0, 0, 0, 0, 0, 0], [0, 0, 0, 0, 0, 0, 0, 0], [0, 0, 0, -1, 1, 0, 0, 0], [0, -1, 0, 1, 1, 0, 0, 0], [0, 0, -1, -1, 1, 0, 0, 0], [0, 0, 0, -1, 0, 0, 0, 0], [0, 0, 0, 0, 0, 0, 0, 0], [0, 0, 0, 0, 0, 0, 0, 0]]]
Use Time: 0.520014762878418, This step timeout is False
The candidate list of user is: [(2, 5), (3, 1), (3, 5), (4, 1), (4, 5), (3, 1)]
Chessboard output is: 
[[ 0  0  0  0  0  0  0  0]
 [ 0  0  0  0  0  0  0  0]
 [ 0  0  0 -1  1  0  0  0]
 [ 0 -1  0  1  1  0  0  0]
 [ 0  0 -1 -1  1  0  0  0]
 [ 0  0  0 -1  0  0  0  0]
 [ 0  0  0  0  0  0  0  0]
 [ 0  0  0  0  0  0  0  0]]
-----------------
Chessboard input is: 
[[ 0  0  0  0  0  0  0  0]
 [ 0  0  0  0  0  0  0  0]
 [ 0  0  0 -1  1  0  0  0]
 [ 0 -1  0  1  1  0  0  0]
 [ 0  0 -1 -1  1  0  0  0]
 [ 0  0  0 -1  0  0  0  0]
 [ 0  0  0  0  0  0  0  0]
 [ 0  0  0  0  0  0  0  0]]
['12011014', '1', '0', 5, 2, 1, [[0, 0, 0, 0, 0, 0, 0, 0], [0, 0, 0, 0, 0, 0, 0, 0], [0, 0, 0, -1, 1, 0, 0, 0], [0, -1, 0, 1, 1, 0, 0, 0], [0, 0, -1, 1, 1, 0, 0, 0], [0, 0, 1, -1, 0, 0, 0, 0], [0, 0, 0, 0, 0, 0, 0, 0], [0, 0, 0, 0, 0, 0, 0, 0]]]
Use Time: 1.6548993587493896, This step timeout is False
The candidate list of user is: [(1, 2), (1, 3), (2, 2), (4, 1), (5, 1), (5, 2), (6, 2), (6, 3), (1, 2), (1, 3), (4, 1), (5, 2)]
Chessboard output is: 
[[ 0  0  0  0  0  0  0  0]
 [ 0  0  0  0  0  0  0  0]
 [ 0  0  0 -1  1  0  0  0]
 [ 0 -1  0  1  1  0  0  0]
 [ 0  0 -1  1  1  0  0  0]
 [ 0  0  1 -1  0  0  0  0]
 [ 0  0  0  0  0  0  0  0]
 [ 0  0  0  0  0  0  0  0]]
-----------------
Chessboard input is: 
[[ 0  0  0  0  0  0  0  0]
 [ 0  0  0  0  0  0  0  0]
 [ 0  0  0 -1  1  0  0  0]
 [ 0 -1  0  1  1  0  0  0]
 [ 0  0 -1  1  1  0  0  0]
 [ 0  0  1 -1  0  0  0  0]
 [ 0  0  0  0  0  0  0  0]
 [ 0  0  0  0  0  0  0  0]]
['12011014', '1', '0', 3, 5, -1, [[0, 0, 0, 0, 0, 0, 0, 0], [0, 0, 0, 0, 0, 0, 0, 0], [0, 0, 0, -1, 1, 0, 0, 0], [0, -1, 0, 1, 1, -1, 0, 0], [0, 0, -1, 1, -1, 0, 0, 0], [0, 0, 1, -1, 0, 0, 0, 0], [0, 0, 0, 0, 0, 0, 0, 0], [0, 0, 0, 0, 0, 0, 0, 0]]]
Use Time: 1.1100542545318604, This step timeout is False
The candidate list of user is: [(1, 5), (2, 5), (3, 5), (4, 5), (5, 1), (6, 2), (3, 5)]
Chessboard output is: 
[[ 0  0  0  0  0  0  0  0]
 [ 0  0  0  0  0  0  0  0]
 [ 0  0  0 -1  1  0  0  0]
 [ 0 -1  0  1  1 -1  0  0]
 [ 0  0 -1  1 -1  0  0  0]
 [ 0  0  1 -1  0  0  0  0]
 [ 0  0  0  0  0  0  0  0]
 [ 0  0  0  0  0  0  0  0]]
-----------------
Chessboard input is: 
[[ 0  0  0  0  0  0  0  0]
 [ 0  0  0  0  0  0  0  0]
 [ 0  0  0 -1  1  0  0  0]
 [ 0 -1  0  1  1 -1  0  0]
 [ 0  0 -1  1 -1  0  0  0]
 [ 0  0  1 -1  0  0  0  0]
 [ 0  0  0  0  0  0  0  0]
 [ 0  0  0  0  0  0  0  0]]
['12011014', '1', '0', 4, 5, 1, [[0, 0, 0, 0, 0, 0, 0, 0], [0, 0, 0, 0, 0, 0, 0, 0], [0, 0, 0, -1, 1, 0, 0, 0], [0, -1, 0, 1, 1, -1, 0, 0], [0, 0, -1, 1, 1, 1, 0, 0], [0, 0, 1, -1, 0, 0, 0, 0], [0, 0, 0, 0, 0, 0, 0, 0], [0, 0, 0, 0, 0, 0, 0, 0]]]
Use Time: 3.634996175765991, This step timeout is False
The candidate list of user is: [(1, 2), (1, 3), (2, 2), (3, 2), (3, 6), (4, 1), (4, 5), (4, 6), (5, 1), (5, 4), (5, 5), (6, 3), (1, 2), (1, 3), (3, 2), (4, 5)]
Chessboard output is: 
[[ 0  0  0  0  0  0  0  0]
 [ 0  0  0  0  0  0  0  0]
 [ 0  0  0 -1  1  0  0  0]
 [ 0 -1  0  1  1 -1  0  0]
 [ 0  0 -1  1  1  1  0  0]
 [ 0  0  1 -1  0  0  0  0]
 [ 0  0  0  0  0  0  0  0]
 [ 0  0  0  0  0  0  0  0]]
-----------------
Chessboard input is: 
[[ 0  0  0  0  0  0  0  0]
 [ 0  0  0  0  0  0  0  0]
 [ 0  0  0 -1  1  0  0  0]
 [ 0 -1  0  1  1 -1  0  0]
 [ 0  0 -1  1  1  1  0  0]
 [ 0  0  1 -1  0  0  0  0]
 [ 0  0  0  0  0  0  0  0]
 [ 0  0  0  0  0  0  0  0]]
['12011014', '1', '0', 1, 3, -1, [[0, 0, 0, 0, 0, 0, 0, 0], [0, 0, 0, -1, 0, 0, 0, 0], [0, 0, 0, -1, -1, 0, 0, 0], [0, -1, 0, 1, 1, -1, 0, 0], [0, 0, -1, 1, 1, 1, 0, 0], [0, 0, 1, -1, 0, 0, 0, 0], [0, 0, 0, 0, 0, 0, 0, 0], [0, 0, 0, 0, 0, 0, 0, 0]]]
Use Time: 1.2064557075500488, This step timeout is False
The candidate list of user is: [(1, 3), (1, 5), (2, 5), (3, 2), (4, 6), (5, 1), (5, 5), (5, 6), (6, 2), (1, 3)]
Chessboard output is: 
[[ 0  0  0  0  0  0  0  0]
 [ 0  0  0 -1  0  0  0  0]
 [ 0  0  0 -1 -1  0  0  0]
 [ 0 -1  0  1  1 -1  0  0]
 [ 0  0 -1  1  1  1  0  0]
 [ 0  0  1 -1  0  0  0  0]
 [ 0  0  0  0  0  0  0  0]
 [ 0  0  0  0  0  0  0  0]]
-----------------
Chessboard input is: 
[[ 0  0  0  0  0  0  0  0]
 [ 0  0  0 -1  0  0  0  0]
 [ 0  0  0 -1 -1  0  0  0]
 [ 0 -1  0  1  1 -1  0  0]
 [ 0  0 -1  1  1  1  0  0]
 [ 0  0  1 -1  0  0  0  0]
 [ 0  0  0  0  0  0  0  0]
 [ 0  0  0  0  0  0  0  0]]
['12011014', '1', '0', 5, 4, 1, [[0, 0, 0, 0, 0, 0, 0, 0], [0, 0, 0, -1, 0, 0, 0, 0], [0, 0, 0, -1, -1, 0, 0, 0], [0, -1, 0, 1, 1, -1, 0, 0], [0, 0, -1, 1, 1, 1, 0, 0], [0, 0, 1, 1, 1, 0, 0, 0], [0, 0, 0, 0, 0, 0, 0, 0], [0, 0, 0, 0, 0, 0, 0, 0]]]
Use Time: 4.4144814014434814, This step timeout is False
The candidate list of user is: [(0, 3), (1, 2), (1, 4), (1, 5), (2, 5), (2, 6), (3, 2), (3, 6), (4, 1), (5, 1), (5, 4), (6, 2), (6, 3), (0, 3), (1, 2), (1, 4), (1, 5), (2, 6), (3, 6), (5, 4)]
Chessboard output is: 
[[ 0  0  0  0  0  0  0  0]
 [ 0  0  0 -1  0  0  0  0]
 [ 0  0  0 -1 -1  0  0  0]
 [ 0 -1  0  1  1 -1  0  0]
 [ 0  0 -1  1  1  1  0  0]
 [ 0  0  1  1  1  0  0  0]
 [ 0  0  0  0  0  0  0  0]
 [ 0  0  0  0  0  0  0  0]]
-----------------
Chessboard input is: 
[[ 0  0  0  0  0  0  0  0]
 [ 0  0  0 -1  0  0  0  0]
 [ 0  0  0 -1 -1  0  0  0]
 [ 0 -1  0  1  1 -1  0  0]
 [ 0  0 -1  1  1  1  0  0]
 [ 0  0  1  1  1  0  0  0]
 [ 0  0  0  0  0  0  0  0]
 [ 0  0  0  0  0  0  0  0]]
['12011014', '1', '0', 3, 2, -1, [[0, 0, 0, 0, 0, 0, 0, 0], [0, 0, 0, -1, 0, 0, 0, 0], [0, 0, 0, -1, -1, 0, 0, 0], [0, -1, -1, -1, -1, -1, 0, 0], [0, 0, -1, 1, 1, 1, 0, 0], [0, 0, 1, 1, 1, 0, 0, 0], [0, 0, 0, 0, 0, 0, 0, 0], [0, 0, 0, 0, 0, 0, 0, 0]]]
Use Time: 1.2550981044769287, This step timeout is False
The candidate list of user is: [(3, 2), (4, 6), (5, 5), (5, 6), (6, 2), (6, 3), (6, 4), (3, 2)]
Chessboard output is: 
[[ 0  0  0  0  0  0  0  0]
 [ 0  0  0 -1  0  0  0  0]
 [ 0  0  0 -1 -1  0  0  0]
 [ 0 -1 -1 -1 -1 -1  0  0]
 [ 0  0 -1  1  1  1  0  0]
 [ 0  0  1  1  1  0  0  0]
 [ 0  0  0  0  0  0  0  0]
 [ 0  0  0  0  0  0  0  0]]
-----------------
Chessboard input is: 
[[ 0  0  0  0  0  0  0  0]
 [ 0  0  0 -1  0  0  0  0]
 [ 0  0  0 -1 -1  0  0  0]
 [ 0 -1 -1 -1 -1 -1  0  0]
 [ 0  0 -1  1  1  1  0  0]
 [ 0  0  1  1  1  0  0  0]
 [ 0  0  0  0  0  0  0  0]
 [ 0  0  0  0  0  0  0  0]]
['12011014', '1', '0', 4, 1, 1, [[0, 0, 0, 0, 0, 0, 0, 0], [0, 0, 0, -1, 0, 0, 0, 0], [0, 0, 0, -1, -1, 0, 0, 0], [0, -1, -1, -1, -1, -1, 0, 0], [0, 1, 1, 1, 1, 1, 0, 0], [0, 0, 1, 1, 1, 0, 0, 0], [0, 0, 0, 0, 0, 0, 0, 0], [0, 0, 0, 0, 0, 0, 0, 0]]]
Use Time: 4.528450965881348, This step timeout is False
The candidate list of user is: [(0, 3), (1, 2), (1, 4), (2, 0), (2, 1), (2, 2), (2, 5), (2, 6), (4, 1), (0, 3), (1, 2), (1, 4), (2, 5), (4, 1)]
Chessboard output is: 
[[ 0  0  0  0  0  0  0  0]
 [ 0  0  0 -1  0  0  0  0]
 [ 0  0  0 -1 -1  0  0  0]
 [ 0 -1 -1 -1 -1 -1  0  0]
 [ 0  1  1  1  1  1  0  0]
 [ 0  0  1  1  1  0  0  0]
 [ 0  0  0  0  0  0  0  0]
 [ 0  0  0  0  0  0  0  0]]
-----------------
Chessboard input is: 
[[ 0  0  0  0  0  0  0  0]
 [ 0  0  0 -1  0  0  0  0]
 [ 0  0  0 -1 -1  0  0  0]
 [ 0 -1 -1 -1 -1 -1  0  0]
 [ 0  1  1  1  1  1  0  0]
 [ 0  0  1  1  1  0  0  0]
 [ 0  0  0  0  0  0  0  0]
 [ 0  0  0  0  0  0  0  0]]
['12011014', '1', '0', 6, 1, -1, [[0, 0, 0, 0, 0, 0, 0, 0], [0, 0, 0, -1, 0, 0, 0, 0], [0, 0, 0, -1, -1, 0, 0, 0], [0, -1, -1, -1, -1, -1, 0, 0], [0, 1, 1, -1, 1, 1, 0, 0], [0, 0, -1, 1, 1, 0, 0, 0], [0, -1, 0, 0, 0, 0, 0, 0], [0, 0, 0, 0, 0, 0, 0, 0]]]
Use Time: 4.395202159881592, This step timeout is False
The candidate list of user is: [(5, 0), (5, 1), (5, 5), (5, 6), (6, 1), (6, 2), (6, 3), (6, 4), (6, 5), (6, 1)]
Chessboard output is: 
[[ 0  0  0  0  0  0  0  0]
 [ 0  0  0 -1  0  0  0  0]
 [ 0  0  0 -1 -1  0  0  0]
 [ 0 -1 -1 -1 -1 -1  0  0]
 [ 0  1  1 -1  1  1  0  0]
 [ 0  0 -1  1  1  0  0  0]
 [ 0 -1  0  0  0  0  0  0]
 [ 0  0  0  0  0  0  0  0]]
-----------------
Chessboard input is: 
[[ 0  0  0  0  0  0  0  0]
 [ 0  0  0 -1  0  0  0  0]
 [ 0  0  0 -1 -1  0  0  0]
 [ 0 -1 -1 -1 -1 -1  0  0]
 [ 0  1  1 -1  1  1  0  0]
 [ 0  0 -1  1  1  0  0  0]
 [ 0 -1  0  0  0  0  0  0]
 [ 0  0  0  0  0  0  0  0]]
['12011014', '1', '0', 2, 0, 1, [[0, 0, 0, 0, 0, 0, 0, 0], [0, 0, 0, -1, 0, 0, 0, 0], [1, 0, 0, -1, -1, 0, 0, 0], [0, 1, -1, -1, -1, -1, 0, 0], [0, 1, 1, -1, 1, 1, 0, 0], [0, 0, -1, 1, 1, 0, 0, 0], [0, -1, 0, 0, 0, 0, 0, 0], [0, 0, 0, 0, 0, 0, 0, 0]]]
Use Time: 5.000491142272949, This step timeout is True
The candidate list of user is: [(0, 3), (1, 2), (1, 4), (1, 5), (2, 0), (2, 1), (2, 2), (2, 5), (2, 6), (5, 1), (6, 2), (6, 3), (0, 3), (1, 2), (1, 5), (2, 0)]
Chessboard output is: 
[[ 0  0  0  0  0  0  0  0]
 [ 0  0  0 -1  0  0  0  0]
 [ 1  0  0 -1 -1  0  0  0]
 [ 0  1 -1 -1 -1 -1  0  0]
 [ 0  1  1 -1  1  1  0  0]
 [ 0  0 -1  1  1  0  0  0]
 [ 0 -1  0  0  0  0  0  0]
 [ 0  0  0  0  0  0  0  0]]
-----------------
Chessboard input is: 
[[ 0  0  0  0  0  0  0  0]
 [ 0  0  0 -1  0  0  0  0]
 [ 1  0  0 -1 -1  0  0  0]
 [ 0  1 -1 -1 -1 -1  0  0]
 [ 0  1  1 -1  1  1  0  0]
 [ 0  0 -1  1  1  0  0  0]
 [ 0 -1  0  0  0  0  0  0]
 [ 0  0  0  0  0  0  0  0]]
['12011014', '1', '0', 4, 6, -1, [[0, 0, 0, 0, 0, 0, 0, 0], [0, 0, 0, -1, 0, 0, 0, 0], [1, 0, 0, -1, -1, 0, 0, 0], [0, 1, -1, -1, -1, -1, 0, 0], [0, 1, 1, -1, -1, -1, -1, 0], [0, 0, -1, 1, 1, 0, 0, 0], [0, -1, 0, 0, 0, 0, 0, 0], [0, 0, 0, 0, 0, 0, 0, 0]]]
Use Time: 2.9922988414764404, This step timeout is False
The candidate list of user is: [(3, 0), (4, 0), (4, 6), (5, 0), (5, 1), (5, 5), (5, 6), (6, 2), (6, 3), (6, 4), (6, 5), (4, 6)]
Chessboard output is: 
[[ 0  0  0  0  0  0  0  0]
 [ 0  0  0 -1  0  0  0  0]
 [ 1  0  0 -1 -1  0  0  0]
 [ 0  1 -1 -1 -1 -1  0  0]
 [ 0  1  1 -1 -1 -1 -1  0]
 [ 0  0 -1  1  1  0  0  0]
 [ 0 -1  0  0  0  0  0  0]
 [ 0  0  0  0  0  0  0  0]]
-----------------
Chessboard input is: 
[[ 0  0  0  0  0  0  0  0]
 [ 0  0  0 -1  0  0  0  0]
 [ 1  0  0 -1 -1  0  0  0]
 [ 0  1 -1 -1 -1 -1  0  0]
 [ 0  1  1 -1 -1 -1 -1  0]
 [ 0  0 -1  1  1  0  0  0]
 [ 0 -1  0  0  0  0  0  0]
 [ 0  0  0  0  0  0  0  0]]
['12011014', '1', '0', 2, 2, 1, [[0, 0, 0, 0, 0, 0, 0, 0], [0, 0, 0, -1, 0, 0, 0, 0], [1, 0, 1, -1, -1, 0, 0, 0], [0, 1, 1, -1, -1, -1, 0, 0], [0, 1, 1, -1, -1, -1, -1, 0], [0, 0, -1, 1, 1, 0, 0, 0], [0, -1, 0, 0, 0, 0, 0, 0], [0, 0, 0, 0, 0, 0, 0, 0]]]
Use Time: 5.000513792037964, This step timeout is True
The candidate list of user is: [(0, 3), (1, 4), (1, 5), (2, 1), (2, 2), (2, 6), (3, 6), (4, 7), (5, 1), (6, 2), (6, 3), (0, 3), (1, 5), (2, 1), (2, 2)]
Chessboard output is: 
[[ 0  0  0  0  0  0  0  0]
 [ 0  0  0 -1  0  0  0  0]
 [ 1  0  1 -1 -1  0  0  0]
 [ 0  1  1 -1 -1 -1  0  0]
 [ 0  1  1 -1 -1 -1 -1  0]
 [ 0  0 -1  1  1  0  0  0]
 [ 0 -1  0  0  0  0  0  0]
 [ 0  0  0  0  0  0  0  0]]
-----------------
Chessboard input is: 
[[ 0  0  0  0  0  0  0  0]
 [ 0  0  0 -1  0  0  0  0]
 [ 1  0  1 -1 -1  0  0  0]
 [ 0  1  1 -1 -1 -1  0  0]
 [ 0  1  1 -1 -1 -1 -1  0]
 [ 0  0 -1  1  1  0  0  0]
 [ 0 -1  0  0  0  0  0  0]
 [ 0  0  0  0  0  0  0  0]]
['12011014', '1', '0', 6, 2, -1, [[0, 0, 0, 0, 0, 0, 0, 0], [0, 0, 0, -1, 0, 0, 0, 0], [1, 0, 1, -1, -1, 0, 0, 0], [0, 1, 1, -1, -1, -1, 0, 0], [0, 1, 1, -1, -1, -1, -1, 0], [0, 0, -1, -1, 1, 0, 0, 0], [0, -1, -1, 0, 0, 0, 0, 0], [0, 0, 0, 0, 0, 0, 0, 0]]]
Use Time: 4.523936033248901, This step timeout is False
The candidate list of user is: [(1, 1), (1, 2), (2, 1), (3, 0), (4, 0), (5, 0), (5, 1), (5, 5), (6, 2), (6, 3), (6, 4), (6, 5), (6, 2)]
Chessboard output is: 
[[ 0  0  0  0  0  0  0  0]
 [ 0  0  0 -1  0  0  0  0]
 [ 1  0  1 -1 -1  0  0  0]
 [ 0  1  1 -1 -1 -1  0  0]
 [ 0  1  1 -1 -1 -1 -1  0]
 [ 0  0 -1 -1  1  0  0  0]
 [ 0 -1 -1  0  0  0  0  0]
 [ 0  0  0  0  0  0  0  0]]
-----------------
Chessboard input is: 
[[ 0  0  0  0  0  0  0  0]
 [ 0  0  0 -1  0  0  0  0]
 [ 1  0  1 -1 -1  0  0  0]
 [ 0  1  1 -1 -1 -1  0  0]
 [ 0  1  1 -1 -1 -1 -1  0]
 [ 0  0 -1 -1  1  0  0  0]
 [ 0 -1 -1  0  0  0  0  0]
 [ 0  0  0  0  0  0  0  0]]
['12011014', '1', '0', 5, 1, 1, [[0, 0, 0, 0, 0, 0, 0, 0], [0, 0, 0, -1, 0, 0, 0, 0], [1, 0, 1, -1, -1, 0, 0, 0], [0, 1, 1, -1, -1, -1, 0, 0], [0, 1, 1, -1, -1, -1, -1, 0], [0, 1, 1, 1, 1, 0, 0, 0], [0, -1, -1, 0, 0, 0, 0, 0], [0, 0, 0, 0, 0, 0, 0, 0]]]
Use Time: 5.000516653060913, This step timeout is True
The candidate list of user is: [(0, 4), (1, 4), (1, 5), (2, 5), (3, 6), (4, 7), (5, 1), (5, 5), (6, 3), (6, 4), (7, 2), (0, 4), (5, 1)]
Chessboard output is: 
[[ 0  0  0  0  0  0  0  0]
 [ 0  0  0 -1  0  0  0  0]
 [ 1  0  1 -1 -1  0  0  0]
 [ 0  1  1 -1 -1 -1  0  0]
 [ 0  1  1 -1 -1 -1 -1  0]
 [ 0  1  1  1  1  0  0  0]
 [ 0 -1 -1  0  0  0  0  0]
 [ 0  0  0  0  0  0  0  0]]
-----------------
Chessboard input is: 
[[ 0  0  0  0  0  0  0  0]
 [ 0  0  0 -1  0  0  0  0]
 [ 1  0  1 -1 -1  0  0  0]
 [ 0  1  1 -1 -1 -1  0  0]
 [ 0  1  1 -1 -1 -1 -1  0]
 [ 0  1  1  1  1  0  0  0]
 [ 0 -1 -1  0  0  0  0  0]
 [ 0  0  0  0  0  0  0  0]]
['12011014', '1', '0', 2, 1, -1, [[0, 0, 0, 0, 0, 0, 0, 0], [0, 0, 0, -1, 0, 0, 0, 0], [1, -1, -1, -1, -1, 0, 0, 0], [0, -1, -1, -1, -1, -1, 0, 0], [0, -1, 1, -1, -1, -1, -1, 0], [0, -1, 1, 1, 1, 0, 0, 0], [0, -1, -1, 0, 0, 0, 0, 0], [0, 0, 0, 0, 0, 0, 0, 0]]]
Use Time: 1.7778770923614502, This step timeout is False
The candidate list of user is: [(1, 1), (1, 2), (2, 1), (3, 0), (4, 0), (5, 0), (6, 0), (6, 3), (6, 4), (6, 5), (2, 1)]
Chessboard output is: 
[[ 0  0  0  0  0  0  0  0]
 [ 0  0  0 -1  0  0  0  0]
 [ 1 -1 -1 -1 -1  0  0  0]
 [ 0 -1 -1 -1 -1 -1  0  0]
 [ 0 -1  1 -1 -1 -1 -1  0]
 [ 0 -1  1  1  1  0  0  0]
 [ 0 -1 -1  0  0  0  0  0]
 [ 0  0  0  0  0  0  0  0]]
-----------------
Chessboard input is: 
[[ 0  0  0  0  0  0  0  0]
 [ 0  0  0 -1  0  0  0  0]
 [ 1 -1 -1 -1 -1  0  0  0]
 [ 0 -1 -1 -1 -1 -1  0  0]
 [ 0 -1  1 -1 -1 -1 -1  0]
 [ 0 -1  1  1  1  0  0  0]
 [ 0 -1 -1  0  0  0  0  0]
 [ 0  0  0  0  0  0  0  0]]
['12011014', '1', '0', 6, 0, 1, [[0, 0, 0, 0, 0, 0, 0, 0], [0, 0, 0, -1, 0, 0, 0, 0], [1, -1, -1, -1, -1, 0, 0, 0], [0, -1, -1, -1, -1, -1, 0, 0], [0, -1, 1, -1, -1, -1, -1, 0], [0, 1, 1, 1, 1, 0, 0, 0], [1, -1, -1, 0, 0, 0, 0, 0], [0, 0, 0, 0, 0, 0, 0, 0]]]
Use Time: 5.000418186187744, This step timeout is True
The candidate list of user is: [(0, 3), (1, 0), (1, 2), (1, 4), (1, 5), (2, 5), (2, 6), (3, 0), (3, 6), (4, 0), (4, 7), (5, 0), (6, 0), (7, 0), (7, 1), (7, 2), (0, 3), (1, 0), (3, 0), (3, 6), (6, 0)]
Chessboard output is: 
[[ 0  0  0  0  0  0  0  0]
 [ 0  0  0 -1  0  0  0  0]
 [ 1 -1 -1 -1 -1  0  0  0]
 [ 0 -1 -1 -1 -1 -1  0  0]
 [ 0 -1  1 -1 -1 -1 -1  0]
 [ 0  1  1  1  1  0  0  0]
 [ 1 -1 -1  0  0  0  0  0]
 [ 0  0  0  0  0  0  0  0]]
-----------------
Chessboard input is: 
[[ 0  0  0  0  0  0  0  0]
 [ 0  0  0 -1  0  0  0  0]
 [ 1 -1 -1 -1 -1  0  0  0]
 [ 0 -1 -1 -1 -1 -1  0  0]
 [ 0 -1  1 -1 -1 -1 -1  0]
 [ 0  1  1  1  1  0  0  0]
 [ 1 -1 -1  0  0  0  0  0]
 [ 0  0  0  0  0  0  0  0]]
['12011014', '1', '0', 4, 0, -1, [[0, 0, 0, 0, 0, 0, 0, 0], [0, 0, 0, -1, 0, 0, 0, 0], [1, -1, -1, -1, -1, 0, 0, 0], [0, -1, -1, -1, -1, -1, 0, 0], [-1, -1, 1, -1, -1, -1, -1, 0], [0, -1, 1, 1, 1, 0, 0, 0], [1, -1, -1, 0, 0, 0, 0, 0], [0, 0, 0, 0, 0, 0, 0, 0]]]
Use Time: 1.129173755645752, This step timeout is False
The candidate list of user is: [(4, 0), (6, 3), (6, 4), (6, 5), (4, 0)]
Chessboard output is: 
[[ 0  0  0  0  0  0  0  0]
 [ 0  0  0 -1  0  0  0  0]
 [ 1 -1 -1 -1 -1  0  0  0]
 [ 0 -1 -1 -1 -1 -1  0  0]
 [-1 -1  1 -1 -1 -1 -1  0]
 [ 0 -1  1  1  1  0  0  0]
 [ 1 -1 -1  0  0  0  0  0]
 [ 0  0  0  0  0  0  0  0]]
-----------------
Chessboard input is: 
[[ 0  0  0  0  0  0  0  0]
 [ 0  0  0 -1  0  0  0  0]
 [ 1 -1 -1 -1 -1  0  0  0]
 [ 0 -1 -1 -1 -1 -1  0  0]
 [-1 -1  1 -1 -1 -1 -1  0]
 [ 0 -1  1  1  1  0  0  0]
 [ 1 -1 -1  0  0  0  0  0]
 [ 0  0  0  0  0  0  0  0]]
['12011014', '1', '0', 6, 3, 1, [[0, 0, 0, 0, 0, 0, 0, 0], [0, 0, 0, -1, 0, 0, 0, 0], [1, -1, -1, -1, -1, 0, 0, 0], [0, -1, -1, -1, -1, -1, 0, 0], [-1, -1, 1, -1, -1, -1, -1, 0], [0, -1, 1, 1, 1, 0, 0, 0], [1, 1, 1, 1, 0, 0, 0, 0], [0, 0, 0, 0, 0, 0, 0, 0]]]
Use Time: 4.522598028182983, This step timeout is False
The candidate list of user is: [(0, 3), (1, 0), (1, 2), (1, 4), (1, 5), (2, 5), (2, 6), (3, 0), (3, 6), (4, 7), (5, 0), (6, 3), (7, 0), (7, 1), (7, 2), (0, 3), (1, 0), (3, 0), (6, 3)]
Chessboard output is: 
[[ 0  0  0  0  0  0  0  0]
 [ 0  0  0 -1  0  0  0  0]
 [ 1 -1 -1 -1 -1  0  0  0]
 [ 0 -1 -1 -1 -1 -1  0  0]
 [-1 -1  1 -1 -1 -1 -1  0]
 [ 0 -1  1  1  1  0  0  0]
 [ 1  1  1  1  0  0  0  0]
 [ 0  0  0  0  0  0  0  0]]
-----------------
Chessboard input is: 
[[ 0  0  0  0  0  0  0  0]
 [ 0  0  0 -1  0  0  0  0]
 [ 1 -1 -1 -1 -1  0  0  0]
 [ 0 -1 -1 -1 -1 -1  0  0]
 [-1 -1  1 -1 -1 -1 -1  0]
 [ 0 -1  1  1  1  0  0  0]
 [ 1  1  1  1  0  0  0  0]
 [ 0  0  0  0  0  0  0  0]]
['12011014', '1', '0', 7, 1, -1, [[0, 0, 0, 0, 0, 0, 0, 0], [0, 0, 0, -1, 0, 0, 0, 0], [1, -1, -1, -1, -1, 0, 0, 0], [0, -1, -1, -1, -1, -1, 0, 0], [-1, -1, 1, -1, -1, -1, -1, 0], [0, -1, 1, -1, 1, 0, 0, 0], [1, -1, -1, 1, 0, 0, 0, 0], [0, -1, 0, 0, 0, 0, 0, 0]]]
Use Time: 0.7412312030792236, This step timeout is False
The candidate list of user is: [(5, 5), (6, 4), (6, 5), (7, 0), (7, 1), (7, 2), (7, 3), (7, 4), (7, 1)]
Chessboard output is: 
[[ 0  0  0  0  0  0  0  0]
 [ 0  0  0 -1  0  0  0  0]
 [ 1 -1 -1 -1 -1  0  0  0]
 [ 0 -1 -1 -1 -1 -1  0  0]
 [-1 -1  1 -1 -1 -1 -1  0]
 [ 0 -1  1 -1  1  0  0  0]
 [ 1 -1 -1  1  0  0  0  0]
 [ 0 -1  0  0  0  0  0  0]]
-----------------
Chessboard input is: 
[[ 0  0  0  0  0  0  0  0]
 [ 0  0  0 -1  0  0  0  0]
 [ 1 -1 -1 -1 -1  0  0  0]
 [ 0 -1 -1 -1 -1 -1  0  0]
 [-1 -1  1 -1 -1 -1 -1  0]
 [ 0 -1  1 -1  1  0  0  0]
 [ 1 -1 -1  1  0  0  0  0]
 [ 0 -1  0  0  0  0  0  0]]
['12011014', '1', '0', 6, 4, 1, [[0, 0, 0, 0, 0, 0, 0, 0], [0, 0, 0, -1, 0, 0, 0, 0], [1, -1, -1, -1, -1, 0, 0, 0], [0, -1, -1, -1, -1, -1, 0, 0], [-1, -1, 1, -1, -1, -1, -1, 0], [0, -1, 1, 1, 1, 0, 0, 0], [1, -1, -1, 1, 1, 0, 0, 0], [0, -1, 0, 0, 0, 0, 0, 0]]]
Use Time: 4.507113933563232, This step timeout is False
The candidate list of user is: [(0, 3), (1, 0), (1, 2), (1, 4), (1, 5), (2, 5), (3, 0), (3, 6), (4, 7), (5, 0), (6, 4), (7, 0), (7, 2), (0, 3), (1, 0), (1, 2), (3, 0), (3, 6), (6, 4)]
Chessboard output is: 
[[ 0  0  0  0  0  0  0  0]
 [ 0  0  0 -1  0  0  0  0]
 [ 1 -1 -1 -1 -1  0  0  0]
 [ 0 -1 -1 -1 -1 -1  0  0]
 [-1 -1  1 -1 -1 -1 -1  0]
 [ 0 -1  1  1  1  0  0  0]
 [ 1 -1 -1  1  1  0  0  0]
 [ 0 -1  0  0  0  0  0  0]]
-----------------
Chessboard input is: 
[[ 0  0  0  0  0  0  0  0]
 [ 0  0  0 -1  0  0  0  0]
 [ 1 -1 -1 -1 -1  0  0  0]
 [ 0 -1 -1 -1 -1 -1  0  0]
 [-1 -1  1 -1 -1 -1 -1  0]
 [ 0 -1  1  1  1  0  0  0]
 [ 1 -1 -1  1  1  0  0  0]
 [ 0 -1  0  0  0  0  0  0]]
['12011014', '1', '0', 7, 2, -1, [[0, 0, 0, 0, 0, 0, 0, 0], [0, 0, 0, -1, 0, 0, 0, 0], [1, -1, -1, -1, -1, 0, 0, 0], [0, -1, -1, -1, -1, -1, 0, 0], [-1, -1, 1, -1, -1, -1, -1, 0], [0, -1, 1, 1, -1, 0, 0, 0], [1, -1, -1, -1, 1, 0, 0, 0], [0, -1, -1, 0, 0, 0, 0, 0]]]
Use Time: 0.5422916412353516, This step timeout is False
The candidate list of user is: [(5, 5), (6, 5), (7, 2), (7, 3), (7, 4), (7, 5), (7, 2)]
Chessboard output is: 
[[ 0  0  0  0  0  0  0  0]
 [ 0  0  0 -1  0  0  0  0]
 [ 1 -1 -1 -1 -1  0  0  0]
 [ 0 -1 -1 -1 -1 -1  0  0]
 [-1 -1  1 -1 -1 -1 -1  0]
 [ 0 -1  1  1 -1  0  0  0]
 [ 1 -1 -1 -1  1  0  0  0]
 [ 0 -1 -1  0  0  0  0  0]]
-----------------
Chessboard input is: 
[[ 0  0  0  0  0  0  0  0]
 [ 0  0  0 -1  0  0  0  0]
 [ 1 -1 -1 -1 -1  0  0  0]
 [ 0 -1 -1 -1 -1 -1  0  0]
 [-1 -1  1 -1 -1 -1 -1  0]
 [ 0 -1  1  1 -1  0  0  0]
 [ 1 -1 -1 -1  1  0  0  0]
 [ 0 -1 -1  0  0  0  0  0]]
['12011014', '1', '0', 7, 3, 1, [[0, 0, 0, 0, 0, 0, 0, 0], [0, 0, 0, -1, 0, 0, 0, 0], [1, -1, -1, -1, -1, 0, 0, 0], [0, -1, -1, -1, -1, -1, 0, 0], [-1, -1, 1, -1, -1, -1, -1, 0], [0, -1, 1, 1, -1, 0, 0, 0], [1, -1, -1, 1, 1, 0, 0, 0], [0, -1, -1, 1, 0, 0, 0, 0]]]
Use Time: 2.872995615005493, This step timeout is False
The candidate list of user is: [(0, 3), (1, 2), (1, 4), (1, 5), (2, 5), (2, 6), (3, 0), (4, 7), (5, 0), (5, 5), (7, 0), (7, 3), (7, 4), (0, 3), (1, 2), (3, 0), (5, 0), (7, 3)]
Chessboard output is: 
[[ 0  0  0  0  0  0  0  0]
 [ 0  0  0 -1  0  0  0  0]
 [ 1 -1 -1 -1 -1  0  0  0]
 [ 0 -1 -1 -1 -1 -1  0  0]
 [-1 -1  1 -1 -1 -1 -1  0]
 [ 0 -1  1  1 -1  0  0  0]
 [ 1 -1 -1  1  1  0  0  0]
 [ 0 -1 -1  1  0  0  0  0]]
-----------------
Chessboard input is: 
[[ 0  0  0  0  0  0  0  0]
 [ 0  0  0 -1  0  0  0  0]
 [ 1 -1 -1 -1 -1  0  0  0]
 [ 0 -1 -1 -1 -1 -1  0  0]
 [-1 -1  1 -1 -1 -1 -1  0]
 [ 0 -1  1  1 -1  0  0  0]
 [ 1 -1 -1  1  1  0  0  0]
 [ 0 -1 -1  1  0  0  0  0]]
['12011014', '1', '0', 7, 5, -1, [[0, 0, 0, 0, 0, 0, 0, 0], [0, 0, 0, -1, 0, 0, 0, 0], [1, -1, -1, -1, -1, 0, 0, 0], [0, -1, -1, -1, -1, -1, 0, 0], [-1, -1, -1, -1, -1, -1, -1, 0], [0, -1, 1, -1, -1, 0, 0, 0], [1, -1, -1, 1, -1, 0, 0, 0], [0, -1, -1, 1, 0, -1, 0, 0]]]
Use Time: 0.24547696113586426, This step timeout is False
The candidate list of user is: [(6, 5), (7, 4), (7, 5), (7, 5)]
Chessboard output is: 
[[ 0  0  0  0  0  0  0  0]
 [ 0  0  0 -1  0  0  0  0]
 [ 1 -1 -1 -1 -1  0  0  0]
 [ 0 -1 -1 -1 -1 -1  0  0]
 [-1 -1 -1 -1 -1 -1 -1  0]
 [ 0 -1  1 -1 -1  0  0  0]
 [ 1 -1 -1  1 -1  0  0  0]
 [ 0 -1 -1  1  0 -1  0  0]]
-----------------
Chessboard input is: 
[[ 0  0  0  0  0  0  0  0]
 [ 0  0  0 -1  0  0  0  0]
 [ 1 -1 -1 -1 -1  0  0  0]
 [ 0 -1 -1 -1 -1 -1  0  0]
 [-1 -1 -1 -1 -1 -1 -1  0]
 [ 0 -1  1 -1 -1  0  0  0]
 [ 1 -1 -1  1 -1  0  0  0]
 [ 0 -1 -1  1  0 -1  0  0]]
['12011014', '1', '0', 5, 0, 1, [[0, 0, 0, 0, 0, 0, 0, 0], [0, 0, 0, -1, 0, 0, 0, 0], [1, -1, -1, -1, -1, 0, 0, 0], [0, -1, -1, -1, -1, -1, 0, 0], [-1, -1, -1, -1, -1, -1, -1, 0], [1, 1, 1, -1, -1, 0, 0, 0], [1, -1, -1, 1, -1, 0, 0, 0], [0, -1, -1, 1, 0, -1, 0, 0]]]
Use Time: 1.2523865699768066, This step timeout is False
The candidate list of user is: [(0, 3), (1, 2), (1, 5), (2, 5), (3, 0), (3, 6), (5, 0), (5, 5), (6, 5), (7, 0), (0, 3), (1, 2), (3, 0), (5, 0)]
Chessboard output is: 
[[ 0  0  0  0  0  0  0  0]
 [ 0  0  0 -1  0  0  0  0]
 [ 1 -1 -1 -1 -1  0  0  0]
 [ 0 -1 -1 -1 -1 -1  0  0]
 [-1 -1 -1 -1 -1 -1 -1  0]
 [ 1  1  1 -1 -1  0  0  0]
 [ 1 -1 -1  1 -1  0  0  0]
 [ 0 -1 -1  1  0 -1  0  0]]
-----------------
Chessboard input is: 
[[ 0  0  0  0  0  0  0  0]
 [ 0  0  0 -1  0  0  0  0]
 [ 1 -1 -1 -1 -1  0  0  0]
 [ 0 -1 -1 -1 -1 -1  0  0]
 [-1 -1 -1 -1 -1 -1 -1  0]
 [ 1  1  1 -1 -1  0  0  0]
 [ 1 -1 -1  1 -1  0  0  0]
 [ 0 -1 -1  1  0 -1  0  0]]
['12011014', '1', '0', 7, 4, -1, [[0, 0, 0, 0, 0, 0, 0, 0], [0, 0, 0, -1, 0, 0, 0, 0], [1, -1, -1, -1, -1, 0, 0, 0], [0, -1, -1, -1, -1, -1, 0, 0], [-1, -1, -1, -1, -1, -1, -1, 0], [1, 1, -1, -1, -1, 0, 0, 0], [1, -1, -1, -1, -1, 0, 0, 0], [0, -1, -1, -1, -1, -1, 0, 0]]]
Use Time: 0.23968720436096191, This step timeout is False
The candidate list of user is: [(7, 0), (7, 4), (7, 4)]
Chessboard output is: 
[[ 0  0  0  0  0  0  0  0]
 [ 0  0  0 -1  0  0  0  0]
 [ 1 -1 -1 -1 -1  0  0  0]
 [ 0 -1 -1 -1 -1 -1  0  0]
 [-1 -1 -1 -1 -1 -1 -1  0]
 [ 1  1 -1 -1 -1  0  0  0]
 [ 1 -1 -1 -1 -1  0  0  0]
 [ 0 -1 -1 -1 -1 -1  0  0]]
-----------------
Chessboard input is: 
[[ 0  0  0  0  0  0  0  0]
 [ 0  0  0 -1  0  0  0  0]
 [ 1 -1 -1 -1 -1  0  0  0]
 [ 0 -1 -1 -1 -1 -1  0  0]
 [-1 -1 -1 -1 -1 -1 -1  0]
 [ 1  1 -1 -1 -1  0  0  0]
 [ 1 -1 -1 -1 -1  0  0  0]
 [ 0 -1 -1 -1 -1 -1  0  0]]
['12011014', '1', '0', 6, 5, 1, [[0, 0, 0, 0, 0, 0, 0, 0], [0, 0, 0, -1, 0, 0, 0, 0], [1, -1, -1, -1, -1, 0, 0, 0], [0, -1, -1, -1, -1, -1, 0, 0], [-1, -1, -1, -1, -1, -1, -1, 0], [1, 1, -1, -1, -1, 0, 0, 0], [1, 1, 1, 1, 1, 1, 0, 0], [0, -1, -1, -1, -1, -1, 0, 0]]]
Use Time: 0.6810944080352783, This step timeout is False
The candidate list of user is: [(1, 1), (1, 4), (1, 5), (2, 5), (3, 0), (5, 5), (6, 5), (1, 1), (1, 4), (5, 5), (6, 5)]
Chessboard output is: 
[[ 0  0  0  0  0  0  0  0]
 [ 0  0  0 -1  0  0  0  0]
 [ 1 -1 -1 -1 -1  0  0  0]
 [ 0 -1 -1 -1 -1 -1  0  0]
 [-1 -1 -1 -1 -1 -1 -1  0]
 [ 1  1 -1 -1 -1  0  0  0]
 [ 1  1  1  1  1  1  0  0]
 [ 0 -1 -1 -1 -1 -1  0  0]]
-----------------
Chessboard input is: 
[[ 0  0  0  0  0  0  0  0]
 [ 0  0  0 -1  0  0  0  0]
 [ 1 -1 -1 -1 -1  0  0  0]
 [ 0 -1 -1 -1 -1 -1  0  0]
 [-1 -1 -1 -1 -1 -1 -1  0]
 [ 1  1 -1 -1 -1  0  0  0]
 [ 1  1  1  1  1  1  0  0]
 [ 0 -1 -1 -1 -1 -1  0  0]]
['12011014', '1', '0', 7, 6, -1, [[0, 0, 0, 0, 0, 0, 0, 0], [0, 0, 0, -1, 0, 0, 0, 0], [1, -1, -1, -1, -1, 0, 0, 0], [0, -1, -1, -1, -1, -1, 0, 0], [-1, -1, -1, -1, -1, -1, -1, 0], [1, 1, -1, -1, -1, 0, 0, 0], [1, 1, 1, 1, 1, -1, 0, 0], [0, -1, -1, -1, -1, -1, -1, 0]]]
Use Time: 0.46800732612609863, This step timeout is False
The candidate list of user is: [(5, 5), (5, 6), (7, 0), (7, 6), (7, 6)]
Chessboard output is: 
[[ 0  0  0  0  0  0  0  0]
 [ 0  0  0 -1  0  0  0  0]
 [ 1 -1 -1 -1 -1  0  0  0]
 [ 0 -1 -1 -1 -1 -1  0  0]
 [-1 -1 -1 -1 -1 -1 -1  0]
 [ 1  1 -1 -1 -1  0  0  0]
 [ 1  1  1  1  1 -1  0  0]
 [ 0 -1 -1 -1 -1 -1 -1  0]]
-----------------
Chessboard input is: 
[[ 0  0  0  0  0  0  0  0]
 [ 0  0  0 -1  0  0  0  0]
 [ 1 -1 -1 -1 -1  0  0  0]
 [ 0 -1 -1 -1 -1 -1  0  0]
 [-1 -1 -1 -1 -1 -1 -1  0]
 [ 1  1 -1 -1 -1  0  0  0]
 [ 1  1  1  1  1 -1  0  0]
 [ 0 -1 -1 -1 -1 -1 -1  0]]
['12011014', '1', '0', 5, 5, 1, [[0, 0, 0, 0, 0, 0, 0, 0], [0, 0, 0, -1, 0, 0, 0, 0], [1, -1, -1, -1, -1, 0, 0, 0], [0, -1, -1, -1, -1, -1, 0, 0], [-1, -1, -1, -1, -1, -1, -1, 0], [1, 1, 1, 1, 1, 1, 0, 0], [1, 1, 1, 1, 1, -1, 0, 0], [0, -1, -1, -1, -1, -1, -1, 0]]]
Use Time: 1.707610845565796, This step timeout is False
The candidate list of user is: [(0, 3), (1, 1), (1, 2), (1, 4), (1, 5), (2, 5), (2, 6), (3, 0), (3, 6), (5, 5), (6, 6), (0, 3), (1, 1), (2, 6), (5, 5)]
Chessboard output is: 
[[ 0  0  0  0  0  0  0  0]
 [ 0  0  0 -1  0  0  0  0]
 [ 1 -1 -1 -1 -1  0  0  0]
 [ 0 -1 -1 -1 -1 -1  0  0]
 [-1 -1 -1 -1 -1 -1 -1  0]
 [ 1  1  1  1  1  1  0  0]
 [ 1  1  1  1  1 -1  0  0]
 [ 0 -1 -1 -1 -1 -1 -1  0]]
-----------------
Chessboard input is: 
[[ 0  0  0  0  0  0  0  0]
 [ 0  0  0 -1  0  0  0  0]
 [ 1 -1 -1 -1 -1  0  0  0]
 [ 0 -1 -1 -1 -1 -1  0  0]
 [-1 -1 -1 -1 -1 -1 -1  0]
 [ 1  1  1  1  1  1  0  0]
 [ 1  1  1  1  1 -1  0  0]
 [ 0 -1 -1 -1 -1 -1 -1  0]]
['12011014', '1', '0', 6, 6, -1, [[0, 0, 0, 0, 0, 0, 0, 0], [0, 0, 0, -1, 0, 0, 0, 0], [1, -1, -1, -1, -1, 0, 0, 0], [0, -1, -1, -1, -1, -1, 0, 0], [-1, -1, -1, -1, -1, -1, -1, 0], [1, 1, 1, 1, 1, -1, 0, 0], [1, 1, 1, 1, 1, -1, -1, 0], [0, -1, -1, -1, -1, -1, -1, 0]]]
Use Time: 0.3657691478729248, This step timeout is False
The candidate list of user is: [(6, 6), (7, 0), (6, 6)]
Chessboard output is: 
[[ 0  0  0  0  0  0  0  0]
 [ 0  0  0 -1  0  0  0  0]
 [ 1 -1 -1 -1 -1  0  0  0]
 [ 0 -1 -1 -1 -1 -1  0  0]
 [-1 -1 -1 -1 -1 -1 -1  0]
 [ 1  1  1  1  1 -1  0  0]
 [ 1  1  1  1  1 -1 -1  0]
 [ 0 -1 -1 -1 -1 -1 -1  0]]
-----------------
Chessboard input is: 
[[ 0  0  0  0  0  0  0  0]
 [ 0  0  0 -1  0  0  0  0]
 [ 1 -1 -1 -1 -1  0  0  0]
 [ 0 -1 -1 -1 -1 -1  0  0]
 [-1 -1 -1 -1 -1 -1 -1  0]
 [ 1  1  1  1  1 -1  0  0]
 [ 1  1  1  1  1 -1 -1  0]
 [ 0 -1 -1 -1 -1 -1 -1  0]]
['12011014', '1', '0', 3, 0, 1, [[0, 0, 0, 0, 0, 0, 0, 0], [0, 0, 0, -1, 0, 0, 0, 0], [1, -1, -1, -1, -1, 0, 0, 0], [1, -1, -1, -1, -1, -1, 0, 0], [1, 1, -1, -1, -1, -1, -1, 0], [1, 1, 1, 1, 1, -1, 0, 0], [1, 1, 1, 1, 1, -1, -1, 0], [0, -1, -1, -1, -1, -1, -1, 0]]]
Use Time: 1.3779337406158447, This step timeout is False
The candidate list of user is: [(0, 3), (1, 0), (1, 1), (1, 2), (1, 4), (1, 5), (2, 5), (2, 6), (3, 0), (3, 6), (3, 7), (5, 6), (6, 7), (0, 3), (1, 0), (3, 0)]
Chessboard output is: 
[[ 0  0  0  0  0  0  0  0]
 [ 0  0  0 -1  0  0  0  0]
 [ 1 -1 -1 -1 -1  0  0  0]
 [ 1 -1 -1 -1 -1 -1  0  0]
 [ 1  1 -1 -1 -1 -1 -1  0]
 [ 1  1  1  1  1 -1  0  0]
 [ 1  1  1  1  1 -1 -1  0]
 [ 0 -1 -1 -1 -1 -1 -1  0]]
-----------------
Chessboard input is: 
[[ 0  0  0  0  0  0  0  0]
 [ 0  0  0 -1  0  0  0  0]
 [ 1 -1 -1 -1 -1  0  0  0]
 [ 1 -1 -1 -1 -1 -1  0  0]
 [ 1  1 -1 -1 -1 -1 -1  0]
 [ 1  1  1  1  1 -1  0  0]
 [ 1  1  1  1  1 -1 -1  0]
 [ 0 -1 -1 -1 -1 -1 -1  0]]
['12011014', '1', '0', 7, 0, -1, [[0, 0, 0, 0, 0, 0, 0, 0], [0, 0, 0, -1, 0, 0, 0, 0], [1, -1, -1, -1, -1, 0, 0, 0], [1, -1, -1, -1, -1, -1, 0, 0], [1, 1, -1, -1, -1, -1, -1, 0], [1, 1, -1, 1, 1, -1, 0, 0], [1, -1, 1, 1, 1, -1, -1, 0], [-1, -1, -1, -1, -1, -1, -1, 0]]]
Use Time: 0.33275270462036133, This step timeout is False
The candidate list of user is: [(7, 0), (7, 0)]
Chessboard output is: 
[[ 0  0  0  0  0  0  0  0]
 [ 0  0  0 -1  0  0  0  0]
 [ 1 -1 -1 -1 -1  0  0  0]
 [ 1 -1 -1 -1 -1 -1  0  0]
 [ 1  1 -1 -1 -1 -1 -1  0]
 [ 1  1 -1  1  1 -1  0  0]
 [ 1 -1  1  1  1 -1 -1  0]
 [-1 -1 -1 -1 -1 -1 -1  0]]
-----------------
Chessboard input is: 
[[ 0  0  0  0  0  0  0  0]
 [ 0  0  0 -1  0  0  0  0]
 [ 1 -1 -1 -1 -1  0  0  0]
 [ 1 -1 -1 -1 -1 -1  0  0]
 [ 1  1 -1 -1 -1 -1 -1  0]
 [ 1  1 -1  1  1 -1  0  0]
 [ 1 -1  1  1  1 -1 -1  0]
 [-1 -1 -1 -1 -1 -1 -1  0]]
['12011014', '1', '0', 1, 0, 1, [[0, 0, 0, 0, 0, 0, 0, 0], [1, 0, 0, -1, 0, 0, 0, 0], [1, 1, -1, -1, -1, 0, 0, 0], [1, -1, 1, -1, -1, -1, 0, 0], [1, 1, -1, 1, -1, -1, -1, 0], [1, 1, -1, 1, 1, -1, 0, 0], [1, -1, 1, 1, 1, -1, -1, 0], [-1, -1, -1, -1, -1, -1, -1, 0]]]
Use Time: 2.2070436477661133, This step timeout is False
The candidate list of user is: [(0, 3), (0, 4), (1, 0), (1, 1), (1, 2), (1, 4), (1, 5), (2, 5), (2, 6), (3, 6), (3, 7), (4, 7), (5, 6), (6, 7), (0, 3), (0, 4), (1, 0)]
Chessboard output is: 
[[ 0  0  0  0  0  0  0  0]
 [ 1  0  0 -1  0  0  0  0]
 [ 1  1 -1 -1 -1  0  0  0]
 [ 1 -1  1 -1 -1 -1  0  0]
 [ 1  1 -1  1 -1 -1 -1  0]
 [ 1  1 -1  1  1 -1  0  0]
 [ 1 -1  1  1  1 -1 -1  0]
 [-1 -1 -1 -1 -1 -1 -1  0]]
-----------------
Chessboard input is: 
[[ 0  0  0  0  0  0  0  0]
 [ 1  0  0 -1  0  0  0  0]
 [ 1  1 -1 -1 -1  0  0  0]
 [ 1 -1  1 -1 -1 -1  0  0]
 [ 1  1 -1  1 -1 -1 -1  0]
 [ 1  1 -1  1  1 -1  0  0]
 [ 1 -1  1  1  1 -1 -1  0]
 [-1 -1 -1 -1 -1 -1 -1  0]]
['12011014', '1', '0', 1, 1, -1, [[0, 0, 0, 0, 0, 0, 0, 0], [1, -1, 0, -1, 0, 0, 0, 0], [1, -1, -1, -1, -1, 0, 0, 0], [1, -1, 1, -1, -1, -1, 0, 0], [1, 1, -1, 1, -1, -1, -1, 0], [1, 1, -1, 1, 1, -1, 0, 0], [1, -1, 1, 1, 1, -1, -1, 0], [-1, -1, -1, -1, -1, -1, -1, 0]]]
Use Time: 0.44019126892089844, This step timeout is False
The candidate list of user is: [(0, 0), (1, 1), (1, 1)]
Chessboard output is: 
[[ 0  0  0  0  0  0  0  0]
 [ 1 -1  0 -1  0  0  0  0]
 [ 1 -1 -1 -1 -1  0  0  0]
 [ 1 -1  1 -1 -1 -1  0  0]
 [ 1  1 -1  1 -1 -1 -1  0]
 [ 1  1 -1  1  1 -1  0  0]
 [ 1 -1  1  1  1 -1 -1  0]
 [-1 -1 -1 -1 -1 -1 -1  0]]
-----------------
Chessboard input is: 
[[ 0  0  0  0  0  0  0  0]
 [ 1 -1  0 -1  0  0  0  0]
 [ 1 -1 -1 -1 -1  0  0  0]
 [ 1 -1  1 -1 -1 -1  0  0]
 [ 1  1 -1  1 -1 -1 -1  0]
 [ 1  1 -1  1  1 -1  0  0]
 [ 1 -1  1  1  1 -1 -1  0]
 [-1 -1 -1 -1 -1 -1 -1  0]]
['12011014', '1', '0', 0, 1, 1, [[0, 1, 0, 0, 0, 0, 0, 0], [1, 1, 0, -1, 0, 0, 0, 0], [1, 1, -1, -1, -1, 0, 0, 0], [1, 1, 1, -1, -1, -1, 0, 0], [1, 1, -1, 1, -1, -1, -1, 0], [1, 1, -1, 1, 1, -1, 0, 0], [1, -1, 1, 1, 1, -1, -1, 0], [-1, -1, -1, -1, -1, -1, -1, 0]]]
Use Time: 1.5095372200012207, This step timeout is False
The candidate list of user is: [(0, 1), (0, 2), (0, 3), (0, 4), (1, 2), (1, 4), (1, 5), (2, 5), (2, 6), (3, 6), (3, 7), (4, 7), (5, 6), (6, 7), (0, 1)]
Chessboard output is: 
[[ 0  1  0  0  0  0  0  0]
 [ 1  1  0 -1  0  0  0  0]
 [ 1  1 -1 -1 -1  0  0  0]
 [ 1  1  1 -1 -1 -1  0  0]
 [ 1  1 -1  1 -1 -1 -1  0]
 [ 1  1 -1  1  1 -1  0  0]
 [ 1 -1  1  1  1 -1 -1  0]
 [-1 -1 -1 -1 -1 -1 -1  0]]
-----------------
Chessboard input is: 
[[ 0  1  0  0  0  0  0  0]
 [ 1  1  0 -1  0  0  0  0]
 [ 1  1 -1 -1 -1  0  0  0]
 [ 1  1  1 -1 -1 -1  0  0]
 [ 1  1 -1  1 -1 -1 -1  0]
 [ 1  1 -1  1  1 -1  0  0]
 [ 1 -1  1  1  1 -1 -1  0]
 [-1 -1 -1 -1 -1 -1 -1  0]]
['12011014', '1', '0', 0, 0, -1, [[-1, 1, 0, 0, 0, 0, 0, 0], [-1, -1, 0, -1, 0, 0, 0, 0], [-1, 1, -1, -1, -1, 0, 0, 0], [-1, 1, 1, -1, -1, -1, 0, 0], [-1, 1, -1, 1, -1, -1, -1, 0], [-1, 1, -1, 1, 1, -1, 0, 0], [-1, -1, 1, 1, 1, -1, -1, 0], [-1, -1, -1, -1, -1, -1, -1, 0]]]
Use Time: 0.12679100036621094, This step timeout is False
The candidate list of user is: [(0, 0), (0, 0)]
Chessboard output is: 
[[-1  1  0  0  0  0  0  0]
 [-1 -1  0 -1  0  0  0  0]
 [-1  1 -1 -1 -1  0  0  0]
 [-1  1  1 -1 -1 -1  0  0]
 [-1  1 -1  1 -1 -1 -1  0]
 [-1  1 -1  1  1 -1  0  0]
 [-1 -1  1  1  1 -1 -1  0]
 [-1 -1 -1 -1 -1 -1 -1  0]]
-----------------
Chessboard input is: 
[[-1  1  0  0  0  0  0  0]
 [-1 -1  0 -1  0  0  0  0]
 [-1  1 -1 -1 -1  0  0  0]
 [-1  1  1 -1 -1 -1  0  0]
 [-1  1 -1  1 -1 -1 -1  0]
 [-1  1 -1  1  1 -1  0  0]
 [-1 -1  1  1  1 -1 -1  0]
 [-1 -1 -1 -1 -1 -1 -1  0]]
['12011014', '1', '0', 1, 2, 1, [[-1, 1, 0, 0, 0, 0, 0, 0], [-1, -1, 1, -1, 0, 0, 0, 0], [-1, 1, 1, -1, -1, 0, 0, 0], [-1, 1, 1, -1, -1, -1, 0, 0], [-1, 1, -1, 1, -1, -1, -1, 0], [-1, 1, -1, 1, 1, -1, 0, 0], [-1, -1, 1, 1, 1, -1, -1, 0], [-1, -1, -1, -1, -1, -1, -1, 0]]]
Use Time: 1.4308815002441406, This step timeout is False
The candidate list of user is: [(0, 3), (0, 4), (1, 2), (1, 4), (1, 5), (2, 5), (2, 6), (3, 6), (3, 7), (4, 7), (5, 6), (6, 7), (0, 3), (0, 4), (1, 2)]
Chessboard output is: 
[[-1  1  0  0  0  0  0  0]
 [-1 -1  1 -1  0  0  0  0]
 [-1  1  1 -1 -1  0  0  0]
 [-1  1  1 -1 -1 -1  0  0]
 [-1  1 -1  1 -1 -1 -1  0]
 [-1  1 -1  1  1 -1  0  0]
 [-1 -1  1  1  1 -1 -1  0]
 [-1 -1 -1 -1 -1 -1 -1  0]]
-----------------
Chessboard input is: 
[[-1  1  0  0  0  0  0  0]
 [-1 -1  1 -1  0  0  0  0]
 [-1  1  1 -1 -1  0  0  0]
 [-1  1  1 -1 -1 -1  0  0]
 [-1  1 -1  1 -1 -1 -1  0]
 [-1  1 -1  1  1 -1  0  0]
 [-1 -1  1  1  1 -1 -1  0]
 [-1 -1 -1 -1 -1 -1 -1  0]]
['12011014', '1', '0', 0, 2, -1, [[-1, -1, -1, 0, 0, 0, 0, 0], [-1, -1, -1, -1, 0, 0, 0, 0], [-1, 1, -1, -1, -1, 0, 0, 0], [-1, 1, -1, -1, -1, -1, 0, 0], [-1, 1, -1, 1, -1, -1, -1, 0], [-1, 1, -1, 1, 1, -1, 0, 0], [-1, -1, 1, 1, 1, -1, -1, 0], [-1, -1, -1, -1, -1, -1, -1, 0]]]
Use Time: 0.15740680694580078, This step timeout is False
The candidate list of user is: [(0, 2), (0, 3), (0, 2)]
Chessboard output is: 
[[-1 -1 -1  0  0  0  0  0]
 [-1 -1 -1 -1  0  0  0  0]
 [-1  1 -1 -1 -1  0  0  0]
 [-1  1 -1 -1 -1 -1  0  0]
 [-1  1 -1  1 -1 -1 -1  0]
 [-1  1 -1  1  1 -1  0  0]
 [-1 -1  1  1  1 -1 -1  0]
 [-1 -1 -1 -1 -1 -1 -1  0]]
-----------------
Chessboard input is: 
[[-1 -1 -1  0  0  0  0  0]
 [-1 -1 -1 -1  0  0  0  0]
 [-1  1 -1 -1 -1  0  0  0]
 [-1  1 -1 -1 -1 -1  0  0]
 [-1  1 -1  1 -1 -1 -1  0]
 [-1  1 -1  1  1 -1  0  0]
 [-1 -1  1  1  1 -1 -1  0]
 [-1 -1 -1 -1 -1 -1 -1  0]]
['12011014', '1', '0', 5, 6, 1, [[-1, -1, -1, 0, 0, 0, 0, 0], [-1, -1, -1, -1, 0, 0, 0, 0], [-1, 1, -1, -1, -1, 0, 0, 0], [-1, 1, -1, -1, -1, -1, 0, 0], [-1, 1, -1, 1, -1, -1, -1, 0], [-1, 1, -1, 1, 1, 1, 1, 0], [-1, -1, 1, 1, 1, -1, -1, 0], [-1, -1, -1, -1, -1, -1, -1, 0]]]
Use Time: 0.7984178066253662, This step timeout is False
The candidate list of user is: [(0, 3), (0, 4), (1, 4), (1, 5), (2, 5), (2, 6), (3, 6), (3, 7), (4, 7), (5, 6), (6, 7), (0, 3), (1, 4), (5, 6)]
Chessboard output is: 
[[-1 -1 -1  0  0  0  0  0]
 [-1 -1 -1 -1  0  0  0  0]
 [-1  1 -1 -1 -1  0  0  0]
 [-1  1 -1 -1 -1 -1  0  0]
 [-1  1 -1  1 -1 -1 -1  0]
 [-1  1 -1  1  1  1  1  0]
 [-1 -1  1  1  1 -1 -1  0]
 [-1 -1 -1 -1 -1 -1 -1  0]]
-----------------
Chessboard input is: 
[[-1 -1 -1  0  0  0  0  0]
 [-1 -1 -1 -1  0  0  0  0]
 [-1  1 -1 -1 -1  0  0  0]
 [-1  1 -1 -1 -1 -1  0  0]
 [-1  1 -1  1 -1 -1 -1  0]
 [-1  1 -1  1  1  1  1  0]
 [-1 -1  1  1  1 -1 -1  0]
 [-1 -1 -1 -1 -1 -1 -1  0]]
['12011014', '1', '0', 6, 7, -1, [[-1, -1, -1, 0, 0, 0, 0, 0], [-1, -1, -1, -1, 0, 0, 0, 0], [-1, 1, -1, -1, -1, 0, 0, 0], [-1, 1, -1, -1, -1, -1, 0, 0], [-1, 1, -1, 1, -1, -1, -1, 0], [-1, 1, -1, 1, 1, 1, -1, 0], [-1, -1, 1, 1, 1, -1, -1, -1], [-1, -1, -1, -1, -1, -1, -1, 0]]]
Use Time: 0.09526801109313965, This step timeout is False
The candidate list of user is: [(4, 7), (5, 7), (6, 7), (6, 7)]
Chessboard output is: 
[[-1 -1 -1  0  0  0  0  0]
 [-1 -1 -1 -1  0  0  0  0]
 [-1  1 -1 -1 -1  0  0  0]
 [-1  1 -1 -1 -1 -1  0  0]
 [-1  1 -1  1 -1 -1 -1  0]
 [-1  1 -1  1  1  1 -1  0]
 [-1 -1  1  1  1 -1 -1 -1]
 [-1 -1 -1 -1 -1 -1 -1  0]]
-----------------
Chessboard input is: 
[[-1 -1 -1  0  0  0  0  0]
 [-1 -1 -1 -1  0  0  0  0]
 [-1  1 -1 -1 -1  0  0  0]
 [-1  1 -1 -1 -1 -1  0  0]
 [-1  1 -1  1 -1 -1 -1  0]
 [-1  1 -1  1  1  1 -1  0]
 [-1 -1  1  1  1 -1 -1 -1]
 [-1 -1 -1 -1 -1 -1 -1  0]]
['12011014', '1', '0', 5, 7, 1, [[-1, -1, -1, 0, 0, 0, 0, 0], [-1, -1, -1, -1, 0, 0, 0, 0], [-1, 1, -1, -1, -1, 0, 0, 0], [-1, 1, -1, -1, -1, -1, 0, 0], [-1, 1, -1, 1, -1, -1, -1, 0], [-1, 1, -1, 1, 1, 1, 1, 1], [-1, -1, 1, 1, 1, -1, -1, -1], [-1, -1, -1, -1, -1, -1, -1, 0]]]
Use Time: 0.5177767276763916, This step timeout is False
The candidate list of user is: [(0, 3), (0, 4), (1, 4), (1, 5), (2, 5), (2, 6), (3, 6), (3, 7), (4, 7), (5, 7), (7, 7), (0, 3), (0, 4), (3, 7), (4, 7), (5, 7)]
Chessboard output is: 
[[-1 -1 -1  0  0  0  0  0]
 [-1 -1 -1 -1  0  0  0  0]
 [-1  1 -1 -1 -1  0  0  0]
 [-1  1 -1 -1 -1 -1  0  0]
 [-1  1 -1  1 -1 -1 -1  0]
 [-1  1 -1  1  1  1  1  1]
 [-1 -1  1  1  1 -1 -1 -1]
 [-1 -1 -1 -1 -1 -1 -1  0]]
-----------------
Chessboard input is: 
[[-1 -1 -1  0  0  0  0  0]
 [-1 -1 -1 -1  0  0  0  0]
 [-1  1 -1 -1 -1  0  0  0]
 [-1  1 -1 -1 -1 -1  0  0]
 [-1  1 -1  1 -1 -1 -1  0]
 [-1  1 -1  1  1  1  1  1]
 [-1 -1  1  1  1 -1 -1 -1]
 [-1 -1 -1 -1 -1 -1 -1  0]]
['12011014', '1', '0', 4, 7, -1, [[-1, -1, -1, 0, 0, 0, 0, 0], [-1, -1, -1, -1, 0, 0, 0, 0], [-1, 1, -1, -1, -1, 0, 0, 0], [-1, 1, -1, -1, -1, -1, 0, 0], [-1, 1, -1, 1, -1, -1, -1, -1], [-1, 1, -1, 1, 1, 1, -1, -1], [-1, -1, 1, 1, 1, -1, -1, -1], [-1, -1, -1, -1, -1, -1, -1, 0]]]
Use Time: 0.05138087272644043, This step timeout is False
The candidate list of user is: [(4, 7), (4, 7)]
Chessboard output is: 
[[-1 -1 -1  0  0  0  0  0]
 [-1 -1 -1 -1  0  0  0  0]
 [-1  1 -1 -1 -1  0  0  0]
 [-1  1 -1 -1 -1 -1  0  0]
 [-1  1 -1  1 -1 -1 -1 -1]
 [-1  1 -1  1  1  1 -1 -1]
 [-1 -1  1  1  1 -1 -1 -1]
 [-1 -1 -1 -1 -1 -1 -1  0]]
-----------------
Chessboard input is: 
[[-1 -1 -1  0  0  0  0  0]
 [-1 -1 -1 -1  0  0  0  0]
 [-1  1 -1 -1 -1  0  0  0]
 [-1  1 -1 -1 -1 -1  0  0]
 [-1  1 -1  1 -1 -1 -1 -1]
 [-1  1 -1  1  1  1 -1 -1]
 [-1 -1  1  1  1 -1 -1 -1]
 [-1 -1 -1 -1 -1 -1 -1  0]]
['12011014', '1', '0', 3, 6, 1, [[-1, -1, -1, 0, 0, 0, 0, 0], [-1, -1, -1, -1, 0, 0, 0, 0], [-1, 1, -1, -1, -1, 0, 0, 0], [-1, 1, 1, 1, 1, 1, 1, 0], [-1, 1, -1, 1, -1, 1, -1, -1], [-1, 1, -1, 1, 1, 1, -1, -1], [-1, -1, 1, 1, 1, -1, -1, -1], [-1, -1, -1, -1, -1, -1, -1, 0]]]
Use Time: 0.3526437282562256, This step timeout is False
The candidate list of user is: [(0, 3), (0, 4), (1, 4), (1, 5), (2, 5), (2, 6), (3, 6), (3, 7), (7, 7), (0, 3), (1, 4), (3, 6)]
Chessboard output is: 
[[-1 -1 -1  0  0  0  0  0]
 [-1 -1 -1 -1  0  0  0  0]
 [-1  1 -1 -1 -1  0  0  0]
 [-1  1  1  1  1  1  1  0]
 [-1  1 -1  1 -1  1 -1 -1]
 [-1  1 -1  1  1  1 -1 -1]
 [-1 -1  1  1  1 -1 -1 -1]
 [-1 -1 -1 -1 -1 -1 -1  0]]
-----------------
Chessboard input is: 
[[-1 -1 -1  0  0  0  0  0]
 [-1 -1 -1 -1  0  0  0  0]
 [-1  1 -1 -1 -1  0  0  0]
 [-1  1  1  1  1  1  1  0]
 [-1  1 -1  1 -1  1 -1 -1]
 [-1  1 -1  1  1  1 -1 -1]
 [-1 -1  1  1  1 -1 -1 -1]
 [-1 -1 -1 -1 -1 -1 -1  0]]
['12011014', '1', '0', 3, 7, -1, [[-1, -1, -1, 0, 0, 0, 0, 0], [-1, -1, -1, -1, 0, 0, 0, 0], [-1, 1, -1, -1, -1, 0, 0, 0], [-1, -1, -1, -1, -1, -1, -1, -1], [-1, 1, -1, 1, -1, 1, -1, -1], [-1, 1, -1, 1, 1, 1, -1, -1], [-1, -1, 1, 1, 1, -1, -1, -1], [-1, -1, -1, -1, -1, -1, -1, 0]]]
Use Time: 0.03287053108215332, This step timeout is False
The candidate list of user is: [(2, 5), (2, 6), (2, 7), (3, 7), (3, 7)]
Chessboard output is: 
[[-1 -1 -1  0  0  0  0  0]
 [-1 -1 -1 -1  0  0  0  0]
 [-1  1 -1 -1 -1  0  0  0]
 [-1 -1 -1 -1 -1 -1 -1 -1]
 [-1  1 -1  1 -1  1 -1 -1]
 [-1  1 -1  1  1  1 -1 -1]
 [-1 -1  1  1  1 -1 -1 -1]
 [-1 -1 -1 -1 -1 -1 -1  0]]
-----------------
Chessboard input is: 
[[-1 -1 -1  0  0  0  0  0]
 [-1 -1 -1 -1  0  0  0  0]
 [-1  1 -1 -1 -1  0  0  0]
 [-1 -1 -1 -1 -1 -1 -1 -1]
 [-1  1 -1  1 -1  1 -1 -1]
 [-1  1 -1  1  1  1 -1 -1]
 [-1 -1  1  1  1 -1 -1 -1]
 [-1 -1 -1 -1 -1 -1 -1  0]]
['12011014', '1', '0', 2, 6, 1, [[-1, -1, -1, 0, 0, 0, 0, 0], [-1, -1, -1, -1, 0, 0, 0, 0], [-1, 1, -1, -1, -1, 0, 1, 0], [-1, -1, -1, -1, -1, 1, -1, -1], [-1, 1, -1, 1, 1, 1, -1, -1], [-1, 1, -1, 1, 1, 1, -1, -1], [-1, -1, 1, 1, 1, -1, -1, -1], [-1, -1, -1, -1, -1, -1, -1, 0]]]
Use Time: 0.23099470138549805, This step timeout is False
The candidate list of user is: [(0, 3), (1, 4), (1, 5), (2, 5), (2, 6), (2, 7), (7, 7), (0, 3), (1, 4), (2, 6)]
Chessboard output is: 
[[-1 -1 -1  0  0  0  0  0]
 [-1 -1 -1 -1  0  0  0  0]
 [-1  1 -1 -1 -1  0  1  0]
 [-1 -1 -1 -1 -1  1 -1 -1]
 [-1  1 -1  1  1  1 -1 -1]
 [-1  1 -1  1  1  1 -1 -1]
 [-1 -1  1  1  1 -1 -1 -1]
 [-1 -1 -1 -1 -1 -1 -1  0]]
-----------------
Chessboard input is: 
[[-1 -1 -1  0  0  0  0  0]
 [-1 -1 -1 -1  0  0  0  0]
 [-1  1 -1 -1 -1  0  1  0]
 [-1 -1 -1 -1 -1  1 -1 -1]
 [-1  1 -1  1  1  1 -1 -1]
 [-1  1 -1  1  1  1 -1 -1]
 [-1 -1  1  1  1 -1 -1 -1]
 [-1 -1 -1 -1 -1 -1 -1  0]]
['12011014', '1', '0', 1, 7, -1, [[-1, -1, -1, 0, 0, 0, 0, 0], [-1, -1, -1, -1, 0, 0, 0, -1], [-1, 1, -1, -1, -1, 0, -1, 0], [-1, -1, -1, -1, -1, -1, -1, -1], [-1, 1, -1, 1, -1, 1, -1, -1], [-1, 1, -1, -1, 1, 1, -1, -1], [-1, -1, -1, 1, 1, -1, -1, -1], [-1, -1, -1, -1, -1, -1, -1, 0]]]
Use Time: 0.015621662139892578, This step timeout is False
The candidate list of user is: [(1, 5), (1, 6), (1, 7), (2, 5), (1, 7)]
Chessboard output is: 
[[-1 -1 -1  0  0  0  0  0]
 [-1 -1 -1 -1  0  0  0 -1]
 [-1  1 -1 -1 -1  0 -1  0]
 [-1 -1 -1 -1 -1 -1 -1 -1]
 [-1  1 -1  1 -1  1 -1 -1]
 [-1  1 -1 -1  1  1 -1 -1]
 [-1 -1 -1  1  1 -1 -1 -1]
 [-1 -1 -1 -1 -1 -1 -1  0]]
-----------------
Chessboard input is: 
[[-1 -1 -1  0  0  0  0  0]
 [-1 -1 -1 -1  0  0  0 -1]
 [-1  1 -1 -1 -1  0 -1  0]
 [-1 -1 -1 -1 -1 -1 -1 -1]
 [-1  1 -1  1 -1  1 -1 -1]
 [-1  1 -1 -1  1  1 -1 -1]
 [-1 -1 -1  1  1 -1 -1 -1]
 [-1 -1 -1 -1 -1 -1 -1  0]]
['12011014', '1', '0', 0, 3, 1, [[-1, -1, -1, 1, 0, 0, 0, 0], [-1, -1, 1, 1, 0, 0, 0, -1], [-1, 1, -1, 1, -1, 0, -1, 0], [-1, -1, -1, 1, -1, -1, -1, -1], [-1, 1, -1, 1, -1, 1, -1, -1], [-1, 1, -1, -1, 1, 1, -1, -1], [-1, -1, -1, 1, 1, -1, -1, -1], [-1, -1, -1, -1, -1, -1, -1, 0]]]
Use Time: 0.11989212036132812, This step timeout is False
The candidate list of user is: [(0, 3), (1, 4), (1, 5), (2, 5), (2, 7), (7, 7), (0, 3)]
Chessboard output is: 
[[-1 -1 -1  1  0  0  0  0]
 [-1 -1  1  1  0  0  0 -1]
 [-1  1 -1  1 -1  0 -1  0]
 [-1 -1 -1  1 -1 -1 -1 -1]
 [-1  1 -1  1 -1  1 -1 -1]
 [-1  1 -1 -1  1  1 -1 -1]
 [-1 -1 -1  1  1 -1 -1 -1]
 [-1 -1 -1 -1 -1 -1 -1  0]]
-----------------
Chessboard input is: 
[[-1 -1 -1  1  0  0  0  0]
 [-1 -1  1  1  0  0  0 -1]
 [-1  1 -1  1 -1  0 -1  0]
 [-1 -1 -1  1 -1 -1 -1 -1]
 [-1  1 -1  1 -1  1 -1 -1]
 [-1  1 -1 -1  1  1 -1 -1]
 [-1 -1 -1  1  1 -1 -1 -1]
 [-1 -1 -1 -1 -1 -1 -1  0]]
['12011014', '1', '0', 1, 4, -1, [[-1, -1, -1, 1, 0, 0, 0, 0], [-1, -1, -1, -1, -1, 0, 0, -1], [-1, 1, -1, -1, -1, 0, -1, 0], [-1, -1, -1, 1, -1, -1, -1, -1], [-1, 1, -1, 1, -1, 1, -1, -1], [-1, 1, -1, -1, 1, 1, -1, -1], [-1, -1, -1, 1, 1, -1, -1, -1], [-1, -1, -1, -1, -1, -1, -1, 0]]]
Use Time: 0.009745121002197266, This step timeout is False
The candidate list of user is: [(0, 4), (1, 4), (1, 4)]
Chessboard output is: 
[[-1 -1 -1  1  0  0  0  0]
 [-1 -1 -1 -1 -1  0  0 -1]
 [-1  1 -1 -1 -1  0 -1  0]
 [-1 -1 -1  1 -1 -1 -1 -1]
 [-1  1 -1  1 -1  1 -1 -1]
 [-1  1 -1 -1  1  1 -1 -1]
 [-1 -1 -1  1  1 -1 -1 -1]
 [-1 -1 -1 -1 -1 -1 -1  0]]
-----------------
Chessboard input is: 
[[-1 -1 -1  1  0  0  0  0]
 [-1 -1 -1 -1 -1  0  0 -1]
 [-1  1 -1 -1 -1  0 -1  0]
 [-1 -1 -1  1 -1 -1 -1 -1]
 [-1  1 -1  1 -1  1 -1 -1]
 [-1  1 -1 -1  1  1 -1 -1]
 [-1 -1 -1  1  1 -1 -1 -1]
 [-1 -1 -1 -1 -1 -1 -1  0]]
['12011014', '1', '0', 1, 5, 1, [[-1, -1, -1, 1, 0, 0, 0, 0], [-1, -1, -1, -1, -1, 1, 0, -1], [-1, 1, -1, -1, 1, 0, -1, 0], [-1, -1, -1, 1, -1, -1, -1, -1], [-1, 1, -1, 1, -1, 1, -1, -1], [-1, 1, -1, -1, 1, 1, -1, -1], [-1, -1, -1, 1, 1, -1, -1, -1], [-1, -1, -1, -1, -1, -1, -1, 0]]]
Use Time: 0.09413003921508789, This step timeout is False
The candidate list of user is: [(0, 4), (0, 5), (1, 5), (2, 5), (2, 7), (7, 7), (0, 4), (1, 5)]
Chessboard output is: 
[[-1 -1 -1  1  0  0  0  0]
 [-1 -1 -1 -1 -1  1  0 -1]
 [-1  1 -1 -1  1  0 -1  0]
 [-1 -1 -1  1 -1 -1 -1 -1]
 [-1  1 -1  1 -1  1 -1 -1]
 [-1  1 -1 -1  1  1 -1 -1]
 [-1 -1 -1  1  1 -1 -1 -1]
 [-1 -1 -1 -1 -1 -1 -1  0]]
-----------------
Chessboard input is: 
[[-1 -1 -1  1  0  0  0  0]
 [-1 -1 -1 -1 -1  1  0 -1]
 [-1  1 -1 -1  1  0 -1  0]
 [-1 -1 -1  1 -1 -1 -1 -1]
 [-1  1 -1  1 -1  1 -1 -1]
 [-1  1 -1 -1  1  1 -1 -1]
 [-1 -1 -1  1  1 -1 -1 -1]
 [-1 -1 -1 -1 -1 -1 -1  0]]
['12011014', '1', '0', 0, 6, -1, [[-1, -1, -1, 1, 0, 0, -1, 0], [-1, -1, -1, -1, -1, -1, 0, -1], [-1, 1, -1, -1, -1, 0, -1, 0], [-1, -1, -1, -1, -1, -1, -1, -1], [-1, 1, -1, 1, -1, 1, -1, -1], [-1, 1, -1, -1, 1, 1, -1, -1], [-1, -1, -1, 1, 1, -1, -1, -1], [-1, -1, -1, -1, -1, -1, -1, 0]]]
Use Time: 0.0035352706909179688, This step timeout is False
The candidate list of user is: [(0, 4), (0, 6), (1, 6), (2, 5), (0, 6)]
Chessboard output is: 
[[-1 -1 -1  1  0  0 -1  0]
 [-1 -1 -1 -1 -1 -1  0 -1]
 [-1  1 -1 -1 -1  0 -1  0]
 [-1 -1 -1 -1 -1 -1 -1 -1]
 [-1  1 -1  1 -1  1 -1 -1]
 [-1  1 -1 -1  1  1 -1 -1]
 [-1 -1 -1  1  1 -1 -1 -1]
 [-1 -1 -1 -1 -1 -1 -1  0]]
-----------------
Chessboard input is: 
[[-1 -1 -1  1  0  0 -1  0]
 [-1 -1 -1 -1 -1 -1  0 -1]
 [-1  1 -1 -1 -1  0 -1  0]
 [-1 -1 -1 -1 -1 -1 -1 -1]
 [-1  1 -1  1 -1  1 -1 -1]
 [-1  1 -1 -1  1  1 -1 -1]
 [-1 -1 -1  1  1 -1 -1 -1]
 [-1 -1 -1 -1 -1 -1 -1  0]]
['12011014', '1', '0', 0, 5, 1, [[-1, -1, -1, 1, 0, 1, -1, 0], [-1, -1, -1, -1, 1, -1, 0, -1], [-1, 1, -1, 1, -1, 0, -1, 0], [-1, -1, 1, -1, -1, -1, -1, -1], [-1, 1, -1, 1, -1, 1, -1, -1], [-1, 1, -1, -1, 1, 1, -1, -1], [-1, -1, -1, 1, 1, -1, -1, -1], [-1, -1, -1, -1, -1, -1, -1, 0]]]
Use Time: 0.059771060943603516, This step timeout is False
The candidate list of user is: [(0, 4), (0, 5), (2, 5), (2, 7), (7, 7), (0, 4), (0, 5)]
Chessboard output is: 
[[-1 -1 -1  1  0  1 -1  0]
 [-1 -1 -1 -1  1 -1  0 -1]
 [-1  1 -1  1 -1  0 -1  0]
 [-1 -1  1 -1 -1 -1 -1 -1]
 [-1  1 -1  1 -1  1 -1 -1]
 [-1  1 -1 -1  1  1 -1 -1]
 [-1 -1 -1  1  1 -1 -1 -1]
 [-1 -1 -1 -1 -1 -1 -1  0]]
-----------------
Chessboard input is: 
[[-1 -1 -1  1  0  1 -1  0]
 [-1 -1 -1 -1  1 -1  0 -1]
 [-1  1 -1  1 -1  0 -1  0]
 [-1 -1  1 -1 -1 -1 -1 -1]
 [-1  1 -1  1 -1  1 -1 -1]
 [-1  1 -1 -1  1  1 -1 -1]
 [-1 -1 -1  1  1 -1 -1 -1]
 [-1 -1 -1 -1 -1 -1 -1  0]]
['12011014', '1', '0', 0, 4, -1, [[-1, -1, -1, -1, -1, -1, -1, 0], [-1, -1, -1, -1, -1, -1, 0, -1], [-1, 1, -1, 1, -1, 0, -1, 0], [-1, -1, 1, -1, -1, -1, -1, -1], [-1, 1, -1, 1, -1, 1, -1, -1], [-1, 1, -1, -1, 1, 1, -1, -1], [-1, -1, -1, 1, 1, -1, -1, -1], [-1, -1, -1, -1, -1, -1, -1, 0]]]
Use Time: 0.0009398460388183594, This step timeout is False
The candidate list of user is: [(0, 4), (0, 4)]
Chessboard output is: 
[[-1 -1 -1 -1 -1 -1 -1  0]
 [-1 -1 -1 -1 -1 -1  0 -1]
 [-1  1 -1  1 -1  0 -1  0]
 [-1 -1  1 -1 -1 -1 -1 -1]
 [-1  1 -1  1 -1  1 -1 -1]
 [-1  1 -1 -1  1  1 -1 -1]
 [-1 -1 -1  1  1 -1 -1 -1]
 [-1 -1 -1 -1 -1 -1 -1  0]]
-----------------
Chessboard input is: 
[[-1 -1 -1 -1 -1 -1 -1  0]
 [-1 -1 -1 -1 -1 -1  0 -1]
 [-1  1 -1  1 -1  0 -1  0]
 [-1 -1  1 -1 -1 -1 -1 -1]
 [-1  1 -1  1 -1  1 -1 -1]
 [-1  1 -1 -1  1  1 -1 -1]
 [-1 -1 -1  1  1 -1 -1 -1]
 [-1 -1 -1 -1 -1 -1 -1  0]]
['12011014', '1', '0', 2, 7, 1, [[-1, -1, -1, -1, -1, -1, -1, 0], [-1, -1, -1, -1, -1, -1, 0, -1], [-1, 1, -1, 1, -1, 0, -1, 1], [-1, -1, 1, -1, -1, -1, 1, -1], [-1, 1, -1, 1, -1, 1, -1, -1], [-1, 1, -1, -1, 1, 1, -1, -1], [-1, -1, -1, 1, 1, -1, -1, -1], [-1, -1, -1, -1, -1, -1, -1, 0]]]
Use Time: 0.01349020004272461, This step timeout is False
The candidate list of user is: [(2, 5), (2, 7), (7, 7), (2, 5), (2, 7)]
Chessboard output is: 
[[-1 -1 -1 -1 -1 -1 -1  0]
 [-1 -1 -1 -1 -1 -1  0 -1]
 [-1  1 -1  1 -1  0 -1  1]
 [-1 -1  1 -1 -1 -1  1 -1]
 [-1  1 -1  1 -1  1 -1 -1]
 [-1  1 -1 -1  1  1 -1 -1]
 [-1 -1 -1  1  1 -1 -1 -1]
 [-1 -1 -1 -1 -1 -1 -1  0]]
-----------------
Chessboard input is: 
[[-1 -1 -1 -1 -1 -1 -1  0]
 [-1 -1 -1 -1 -1 -1  0 -1]
 [-1  1 -1  1 -1  0 -1  1]
 [-1 -1  1 -1 -1 -1  1 -1]
 [-1  1 -1  1 -1  1 -1 -1]
 [-1  1 -1 -1  1  1 -1 -1]
 [-1 -1 -1  1  1 -1 -1 -1]
 [-1 -1 -1 -1 -1 -1 -1  0]]
['12011014', '1', '0', 2, 5, -1, [[-1, -1, -1, -1, -1, -1, -1, 0], [-1, -1, -1, -1, -1, -1, 0, -1], [-1, 1, -1, 1, -1, -1, -1, 1], [-1, -1, 1, -1, -1, -1, -1, -1], [-1, 1, -1, 1, -1, 1, -1, -1], [-1, 1, -1, -1, 1, 1, -1, -1], [-1, -1, -1, 1, 1, -1, -1, -1], [-1, -1, -1, -1, -1, -1, -1, 0]]]
Use Time: 0.0007174015045166016, This step timeout is False
The candidate list of user is: [(2, 5), (2, 5)]
Chessboard output is: 
[[-1 -1 -1 -1 -1 -1 -1  0]
 [-1 -1 -1 -1 -1 -1  0 -1]
 [-1  1 -1  1 -1 -1 -1  1]
 [-1 -1  1 -1 -1 -1 -1 -1]
 [-1  1 -1  1 -1  1 -1 -1]
 [-1  1 -1 -1  1  1 -1 -1]
 [-1 -1 -1  1  1 -1 -1 -1]
 [-1 -1 -1 -1 -1 -1 -1  0]]
-----------------
Chessboard input is: 
[[-1 -1 -1 -1 -1 -1 -1  0]
 [-1 -1 -1 -1 -1 -1  0 -1]
 [-1  1 -1  1 -1 -1 -1  1]
 [-1 -1  1 -1 -1 -1 -1 -1]
 [-1  1 -1  1 -1  1 -1 -1]
 [-1  1 -1 -1  1  1 -1 -1]
 [-1 -1 -1  1  1 -1 -1 -1]
 [-1 -1 -1 -1 -1 -1 -1  0]]
['12011014', '1', '0', 1, 6, 1, [[-1, -1, -1, -1, -1, -1, -1, 0], [-1, -1, -1, -1, -1, -1, 1, -1], [-1, 1, -1, 1, -1, 1, -1, 1], [-1, -1, 1, -1, 1, -1, -1, -1], [-1, 1, -1, 1, -1, 1, -1, -1], [-1, 1, -1, -1, 1, 1, -1, -1], [-1, -1, -1, 1, 1, -1, -1, -1], [-1, -1, -1, -1, -1, -1, -1, 0]]]
Use Time: 0.005004167556762695, This step timeout is False
The candidate list of user is: [(0, 7), (1, 6), (7, 7), (0, 7), (1, 6)]
Chessboard output is: 
[[-1 -1 -1 -1 -1 -1 -1  0]
 [-1 -1 -1 -1 -1 -1  1 -1]
 [-1  1 -1  1 -1  1 -1  1]
 [-1 -1  1 -1  1 -1 -1 -1]
 [-1  1 -1  1 -1  1 -1 -1]
 [-1  1 -1 -1  1  1 -1 -1]
 [-1 -1 -1  1  1 -1 -1 -1]
 [-1 -1 -1 -1 -1 -1 -1  0]]
-----------------
Chessboard input is: 
[[-1 -1 -1 -1 -1 -1 -1  0]
 [-1 -1 -1 -1 -1 -1  1 -1]
 [-1  1 -1  1 -1  1 -1  1]
 [-1 -1  1 -1  1 -1 -1 -1]
 [-1  1 -1  1 -1  1 -1 -1]
 [-1  1 -1 -1  1  1 -1 -1]
 [-1 -1 -1  1  1 -1 -1 -1]
 [-1 -1 -1 -1 -1 -1 -1  0]]
['12011014', '1', '0', 0, 7, -1, [[-1, -1, -1, -1, -1, -1, -1, -1], [-1, -1, -1, -1, -1, -1, -1, -1], [-1, 1, -1, 1, -1, -1, -1, 1], [-1, -1, 1, -1, -1, -1, -1, -1], [-1, 1, -1, -1, -1, 1, -1, -1], [-1, 1, -1, -1, 1, 1, -1, -1], [-1, -1, -1, 1, 1, -1, -1, -1], [-1, -1, -1, -1, -1, -1, -1, 0]]]
Use Time: 0.0005362033843994141, This step timeout is False
The candidate list of user is: [(0, 7), (0, 7)]
Chessboard output is: 
[[-1 -1 -1 -1 -1 -1 -1 -1]
 [-1 -1 -1 -1 -1 -1 -1 -1]
 [-1  1 -1  1 -1 -1 -1  1]
 [-1 -1  1 -1 -1 -1 -1 -1]
 [-1  1 -1 -1 -1  1 -1 -1]
 [-1  1 -1 -1  1  1 -1 -1]
 [-1 -1 -1  1  1 -1 -1 -1]
 [-1 -1 -1 -1 -1 -1 -1  0]]
-----------------
Chessboard input is: 
[[-1 -1 -1 -1 -1 -1 -1 -1]
 [-1 -1 -1 -1 -1 -1 -1 -1]
 [-1  1 -1  1 -1 -1 -1  1]
 [-1 -1  1 -1 -1 -1 -1 -1]
 [-1  1 -1 -1 -1  1 -1 -1]
 [-1  1 -1 -1  1  1 -1 -1]
 [-1 -1 -1  1  1 -1 -1 -1]
 [-1 -1 -1 -1 -1 -1 -1  0]]
['12011014', '1', '0', 7, 7, 1, [[-1, -1, -1, -1, -1, -1, -1, -1], [-1, -1, -1, -1, -1, -1, -1, -1], [-1, 1, -1, 1, -1, -1, -1, 1], [-1, -1, 1, -1, -1, -1, -1, 1], [-1, 1, -1, -1, -1, 1, -1, 1], [-1, 1, -1, -1, 1, 1, -1, 1], [-1, -1, -1, 1, 1, -1, 1, 1], [-1, -1, -1, -1, -1, -1, -1, 1]]]
Use Time: 0.0013785362243652344, This step timeout is False
The candidate list of user is: [(7, 7), (7, 7)]
Chessboard output is: 
[[-1 -1 -1 -1 -1 -1 -1 -1]
 [-1 -1 -1 -1 -1 -1 -1 -1]
 [-1  1 -1  1 -1 -1 -1  1]
 [-1 -1  1 -1 -1 -1 -1  1]
 [-1  1 -1 -1 -1  1 -1  1]
 [-1  1 -1 -1  1  1 -1  1]
 [-1 -1 -1  1  1 -1  1  1]
 [-1 -1 -1 -1 -1 -1 -1  1]]
-----------------
Winner is 1