Black is 12011014, white is 12012308
white in: /data.12012308
black in: /data.12011014
Chessboard input is: 
[[ 0  0  0  0  0  0  0  0]
 [ 0  0  0  0  0  0  0  0]
 [ 0  0  0  0  0  0  0  0]
 [ 0  0  0  1 -1  0  0  0]
 [ 0  0  0 -1  1  0  0  0]
 [ 0  0  0  0  0  0  0  0]
 [ 0  0  0  0  0  0  0  0]
 [ 0  0  0  0  0  0  0  0]]
['12011014', '1', '0', 2, 3, -1, [[0, 0, 0, 0, 0, 0, 0, 0], [0, 0, 0, 0, 0, 0, 0, 0], [0, 0, 0, -1, 0, 0, 0, 0], [0, 0, 0, -1, -1, 0, 0, 0], [0, 0, 0, -1, 1, 0, 0, 0], [0, 0, 0, 0, 0, 0, 0, 0], [0, 0, 0, 0, 0, 0, 0, 0], [0, 0, 0, 0, 0, 0, 0, 0]]]
Use Time: 3.5078704357147217, This step timeout is False
The candidate list of user is: [(2, 3), (3, 2), (4, 5), (5, 4), (2, 3)]
Chessboard output is: 
[[ 0  0  0  0  0  0  0  0]
 [ 0  0  0  0  0  0  0  0]
 [ 0  0  0 -1  0  0  0  0]
 [ 0  0  0 -1 -1  0  0  0]
 [ 0  0  0 -1  1  0  0  0]
 [ 0  0  0  0  0  0  0  0]
 [ 0  0  0  0  0  0  0  0]
 [ 0  0  0  0  0  0  0  0]]
-----------------
Chessboard input is: 
[[ 0  0  0  0  0  0  0  0]
 [ 0  0  0  0  0  0  0  0]
 [ 0  0  0 -1  0  0  0  0]
 [ 0  0  0 -1 -1  0  0  0]
 [ 0  0  0 -1  1  0  0  0]
 [ 0  0  0  0  0  0  0  0]
 [ 0  0  0  0  0  0  0  0]
 [ 0  0  0  0  0  0  0  0]]
['12011014', '1', '0', 4, 2, 1, [[0, 0, 0, 0, 0, 0, 0, 0], [0, 0, 0, 0, 0, 0, 0, 0], [0, 0, 0, -1, 0, 0, 0, 0], [0, 0, 0, -1, -1, 0, 0, 0], [0, 0, 1, 1, 1, 0, 0, 0], [0, 0, 0, 0, 0, 0, 0, 0], [0, 0, 0, 0, 0, 0, 0, 0], [0, 0, 0, 0, 0, 0, 0, 0]]]
Use Time: 0.3091139793395996, This step timeout is False
The candidate list of user is: [(2, 2), (2, 4), (4, 2), (2, 2), (2, 4), (4, 2)]
Chessboard output is: 
[[ 0  0  0  0  0  0  0  0]
 [ 0  0  0  0  0  0  0  0]
 [ 0  0  0 -1  0  0  0  0]
 [ 0  0  0 -1 -1  0  0  0]
 [ 0  0  1  1  1  0  0  0]
 [ 0  0  0  0  0  0  0  0]
 [ 0  0  0  0  0  0  0  0]
 [ 0  0  0  0  0  0  0  0]]
-----------------
Chessboard input is: 
[[ 0  0  0  0  0  0  0  0]
 [ 0  0  0  0  0  0  0  0]
 [ 0  0  0 -1  0  0  0  0]
 [ 0  0  0 -1 -1  0  0  0]
 [ 0  0  1  1  1  0  0  0]
 [ 0  0  0  0  0  0  0  0]
 [ 0  0  0  0  0  0  0  0]
 [ 0  0  0  0  0  0  0  0]]
['12011014', '1', '0', 5, 3, -1, [[0, 0, 0, 0, 0, 0, 0, 0], [0, 0, 0, 0, 0, 0, 0, 0], [0, 0, 0, -1, 0, 0, 0, 0], [0, 0, 0, -1, -1, 0, 0, 0], [0, 0, 1, -1, 1, 0, 0, 0], [0, 0, 0, -1, 0, 0, 0, 0], [0, 0, 0, 0, 0, 0, 0, 0], [0, 0, 0, 0, 0, 0, 0, 0]]]
Use Time: 1.0470623970031738, This step timeout is False
The candidate list of user is: [(5, 1), (5, 2), (5, 3), (5, 4), (5, 5), (5, 3)]
Chessboard output is: 
[[ 0  0  0  0  0  0  0  0]
 [ 0  0  0  0  0  0  0  0]
 [ 0  0  0 -1  0  0  0  0]
 [ 0  0  0 -1 -1  0  0  0]
 [ 0  0  1 -1  1  0  0  0]
 [ 0  0  0 -1  0  0  0  0]
 [ 0  0  0  0  0  0  0  0]
 [ 0  0  0  0  0  0  0  0]]
-----------------
Chessboard input is: 
[[ 0  0  0  0  0  0  0  0]
 [ 0  0  0  0  0  0  0  0]
 [ 0  0  0 -1  0  0  0  0]
 [ 0  0  0 -1 -1  0  0  0]
 [ 0  0  1 -1  1  0  0  0]
 [ 0  0  0 -1  0  0  0  0]
 [ 0  0  0  0  0  0  0  0]
 [ 0  0  0  0  0  0  0  0]]
['12011014', '1', '0', 2, 4, 1, [[0, 0, 0, 0, 0, 0, 0, 0], [0, 0, 0, 0, 0, 0, 0, 0], [0, 0, 0, -1, 1, 0, 0, 0], [0, 0, 0, 1, 1, 0, 0, 0], [0, 0, 1, -1, 1, 0, 0, 0], [0, 0, 0, -1, 0, 0, 0, 0], [0, 0, 0, 0, 0, 0, 0, 0], [0, 0, 0, 0, 0, 0, 0, 0]]]
Use Time: 0.7090194225311279, This step timeout is False
The candidate list of user is: [(2, 2), (2, 4), (6, 2), (6, 4), (2, 2), (2, 4)]
Chessboard output is: 
[[ 0  0  0  0  0  0  0  0]
 [ 0  0  0  0  0  0  0  0]
 [ 0  0  0 -1  1  0  0  0]
 [ 0  0  0  1  1  0  0  0]
 [ 0  0  1 -1  1  0  0  0]
 [ 0  0  0 -1  0  0  0  0]
 [ 0  0  0  0  0  0  0  0]
 [ 0  0  0  0  0  0  0  0]]
-----------------
Chessboard input is: 
[[ 0  0  0  0  0  0  0  0]
 [ 0  0  0  0  0  0  0  0]
 [ 0  0  0 -1  1  0  0  0]
 [ 0  0  0  1  1  0  0  0]
 [ 0  0  1 -1  1  0  0  0]
 [ 0  0  0 -1  0  0  0  0]
 [ 0  0  0  0  0  0  0  0]
 [ 0  0  0  0  0  0  0  0]]
['12011014', '1', '0', 3, 1, -1, [[0, 0, 0, 0, 0, 0, 0, 0], [0, 0, 0, 0, 0, 0, 0, 0], [0, 0, 0, -1, 1, 0, 0, 0], [0, -1, 0, 1, 1, 0, 0, 0], [0, 0, -1, -1, 1, 0, 0, 0], [0, 0, 0, -1, 0, 0, 0, 0], [0, 0, 0, 0, 0, 0, 0, 0], [0, 0, 0, 0, 0, 0, 0, 0]]]
Use Time: 2.3082425594329834, This step timeout is False
The candidate list of user is: [(2, 5), (3, 1), (3, 5), (4, 1), (4, 5), (3, 1)]
Chessboard output is: 
[[ 0  0  0  0  0  0  0  0]
 [ 0  0  0  0  0  0  0  0]
 [ 0  0  0 -1  1  0  0  0]
 [ 0 -1  0  1  1  0  0  0]
 [ 0  0 -1 -1  1  0  0  0]
 [ 0  0  0 -1  0  0  0  0]
 [ 0  0  0  0  0  0  0  0]
 [ 0  0  0  0  0  0  0  0]]
-----------------
Chessboard input is: 
[[ 0  0  0  0  0  0  0  0]
 [ 0  0  0  0  0  0  0  0]
 [ 0  0  0 -1  1  0  0  0]
 [ 0 -1  0  1  1  0  0  0]
 [ 0  0 -1 -1  1  0  0  0]
 [ 0  0  0 -1  0  0  0  0]
 [ 0  0  0  0  0  0  0  0]
 [ 0  0  0  0  0  0  0  0]]
['12011014', '1', '0', 5, 2, 1, [[0, 0, 0, 0, 0, 0, 0, 0], [0, 0, 0, 0, 0, 0, 0, 0], [0, 0, 0, -1, 1, 0, 0, 0], [0, -1, 0, 1, 1, 0, 0, 0], [0, 0, -1, 1, 1, 0, 0, 0], [0, 0, 1, -1, 0, 0, 0, 0], [0, 0, 0, 0, 0, 0, 0, 0], [0, 0, 0, 0, 0, 0, 0, 0]]]
Use Time: 1.6748578548431396, This step timeout is False
The candidate list of user is: [(1, 2), (1, 3), (2, 2), (4, 1), (5, 1), (5, 2), (6, 2), (6, 3), (1, 2), (1, 3), (4, 1), (5, 2)]
Chessboard output is: 
[[ 0  0  0  0  0  0  0  0]
 [ 0  0  0  0  0  0  0  0]
 [ 0  0  0 -1  1  0  0  0]
 [ 0 -1  0  1  1  0  0  0]
 [ 0  0 -1  1  1  0  0  0]
 [ 0  0  1 -1  0  0  0  0]
 [ 0  0  0  0  0  0  0  0]
 [ 0  0  0  0  0  0  0  0]]
-----------------
Chessboard input is: 
[[ 0  0  0  0  0  0  0  0]
 [ 0  0  0  0  0  0  0  0]
 [ 0  0  0 -1  1  0  0  0]
 [ 0 -1  0  1  1  0  0  0]
 [ 0  0 -1  1  1  0  0  0]
 [ 0  0  1 -1  0  0  0  0]
 [ 0  0  0  0  0  0  0  0]
 [ 0  0  0  0  0  0  0  0]]
['12011014', '1', '0', 3, 5, -1, [[0, 0, 0, 0, 0, 0, 0, 0], [0, 0, 0, 0, 0, 0, 0, 0], [0, 0, 0, -1, 1, 0, 0, 0], [0, -1, 0, 1, 1, -1, 0, 0], [0, 0, -1, 1, -1, 0, 0, 0], [0, 0, 1, -1, 0, 0, 0, 0], [0, 0, 0, 0, 0, 0, 0, 0], [0, 0, 0, 0, 0, 0, 0, 0]]]
Use Time: 4.411254167556763, This step timeout is False
The candidate list of user is: [(1, 5), (2, 5), (3, 5), (4, 5), (5, 1), (6, 2), (3, 5)]
Chessboard output is: 
[[ 0  0  0  0  0  0  0  0]
 [ 0  0  0  0  0  0  0  0]
 [ 0  0  0 -1  1  0  0  0]
 [ 0 -1  0  1  1 -1  0  0]
 [ 0  0 -1  1 -1  0  0  0]
 [ 0  0  1 -1  0  0  0  0]
 [ 0  0  0  0  0  0  0  0]
 [ 0  0  0  0  0  0  0  0]]
-----------------
Chessboard input is: 
[[ 0  0  0  0  0  0  0  0]
 [ 0  0  0  0  0  0  0  0]
 [ 0  0  0 -1  1  0  0  0]
 [ 0 -1  0  1  1 -1  0  0]
 [ 0  0 -1  1 -1  0  0  0]
 [ 0  0  1 -1  0  0  0  0]
 [ 0  0  0  0  0  0  0  0]
 [ 0  0  0  0  0  0  0  0]]
['12011014', '1', '0', 4, 5, 1, [[0, 0, 0, 0, 0, 0, 0, 0], [0, 0, 0, 0, 0, 0, 0, 0], [0, 0, 0, -1, 1, 0, 0, 0], [0, -1, 0, 1, 1, -1, 0, 0], [0, 0, -1, 1, 1, 1, 0, 0], [0, 0, 1, -1, 0, 0, 0, 0], [0, 0, 0, 0, 0, 0, 0, 0], [0, 0, 0, 0, 0, 0, 0, 0]]]
Use Time: 3.7656030654907227, This step timeout is False
The candidate list of user is: [(1, 2), (1, 3), (2, 2), (3, 2), (3, 6), (4, 1), (4, 5), (4, 6), (5, 1), (5, 4), (5, 5), (6, 3), (1, 2), (1, 3), (3, 2), (4, 5)]
Chessboard output is: 
[[ 0  0  0  0  0  0  0  0]
 [ 0  0  0  0  0  0  0  0]
 [ 0  0  0 -1  1  0  0  0]
 [ 0 -1  0  1  1 -1  0  0]
 [ 0  0 -1  1  1  1  0  0]
 [ 0  0  1 -1  0  0  0  0]
 [ 0  0  0  0  0  0  0  0]
 [ 0  0  0  0  0  0  0  0]]
-----------------
Chessboard input is: 
[[ 0  0  0  0  0  0  0  0]
 [ 0  0  0  0  0  0  0  0]
 [ 0  0  0 -1  1  0  0  0]
 [ 0 -1  0  1  1 -1  0  0]
 [ 0  0 -1  1  1  1  0  0]
 [ 0  0  1 -1  0  0  0  0]
 [ 0  0  0  0  0  0  0  0]
 [ 0  0  0  0  0  0  0  0]]
['12011014', '1', '0', 3, 2, -1, [[0, 0, 0, 0, 0, 0, 0, 0], [0, 0, 0, 0, 0, 0, 0, 0], [0, 0, 0, -1, 1, 0, 0, 0], [0, -1, -1, -1, -1, -1, 0, 0], [0, 0, -1, 1, 1, 1, 0, 0], [0, 0, 1, -1, 0, 0, 0, 0], [0, 0, 0, 0, 0, 0, 0, 0], [0, 0, 0, 0, 0, 0, 0, 0]]]
Use Time: 4.338747501373291, This step timeout is False
The candidate list of user is: [(1, 3), (1, 5), (2, 5), (3, 2), (4, 6), (5, 1), (5, 5), (5, 6), (6, 2), (3, 2)]
Chessboard output is: 
[[ 0  0  0  0  0  0  0  0]
 [ 0  0  0  0  0  0  0  0]
 [ 0  0  0 -1  1  0  0  0]
 [ 0 -1 -1 -1 -1 -1  0  0]
 [ 0  0 -1  1  1  1  0  0]
 [ 0  0  1 -1  0  0  0  0]
 [ 0  0  0  0  0  0  0  0]
 [ 0  0  0  0  0  0  0  0]]
-----------------
Chessboard input is: 
[[ 0  0  0  0  0  0  0  0]
 [ 0  0  0  0  0  0  0  0]
 [ 0  0  0 -1  1  0  0  0]
 [ 0 -1 -1 -1 -1 -1  0  0]
 [ 0  0 -1  1  1  1  0  0]
 [ 0  0  1 -1  0  0  0  0]
 [ 0  0  0  0  0  0  0  0]
 [ 0  0  0  0  0  0  0  0]]
['12011014', '1', '0', 4, 1, 1, [[0, 0, 0, 0, 0, 0, 0, 0], [0, 0, 0, 0, 0, 0, 0, 0], [0, 0, 0, -1, 1, 0, 0, 0], [0, -1, -1, -1, -1, -1, 0, 0], [0, 1, 1, 1, 1, 1, 0, 0], [0, 0, 1, -1, 0, 0, 0, 0], [0, 0, 0, 0, 0, 0, 0, 0], [0, 0, 0, 0, 0, 0, 0, 0]]]
Use Time: 5.000461578369141, This step timeout is True
The candidate list of user is: [(1, 2), (1, 3), (2, 1), (2, 2), (2, 5), (2, 6), (4, 1), (4, 6), (5, 1), (5, 4), (6, 2), (6, 3), (1, 2), (1, 3), (2, 6), (4, 1)]
Chessboard output is: 
[[ 0  0  0  0  0  0  0  0]
 [ 0  0  0  0  0  0  0  0]
 [ 0  0  0 -1  1  0  0  0]
 [ 0 -1 -1 -1 -1 -1  0  0]
 [ 0  1  1  1  1  1  0  0]
 [ 0  0  1 -1  0  0  0  0]
 [ 0  0  0  0  0  0  0  0]
 [ 0  0  0  0  0  0  0  0]]
-----------------
Chessboard input is: 
[[ 0  0  0  0  0  0  0  0]
 [ 0  0  0  0  0  0  0  0]
 [ 0  0  0 -1  1  0  0  0]
 [ 0 -1 -1 -1 -1 -1  0  0]
 [ 0  1  1  1  1  1  0  0]
 [ 0  0  1 -1  0  0  0  0]
 [ 0  0  0  0  0  0  0  0]
 [ 0  0  0  0  0  0  0  0]]
['12011014', '1', '0', 6, 1, -1, [[0, 0, 0, 0, 0, 0, 0, 0], [0, 0, 0, 0, 0, 0, 0, 0], [0, 0, 0, -1, 1, 0, 0, 0], [0, -1, -1, -1, -1, -1, 0, 0], [0, 1, 1, -1, 1, 1, 0, 0], [0, 0, -1, -1, 0, 0, 0, 0], [0, -1, 0, 0, 0, 0, 0, 0], [0, 0, 0, 0, 0, 0, 0, 0]]]
Use Time: 4.215693235397339, This step timeout is False
The candidate list of user is: [(1, 3), (1, 4), (1, 5), (2, 5), (5, 0), (5, 1), (5, 4), (5, 5), (5, 6), (6, 1), (6, 2), (6, 1)]
Chessboard output is: 
[[ 0  0  0  0  0  0  0  0]
 [ 0  0  0  0  0  0  0  0]
 [ 0  0  0 -1  1  0  0  0]
 [ 0 -1 -1 -1 -1 -1  0  0]
 [ 0  1  1 -1  1  1  0  0]
 [ 0  0 -1 -1  0  0  0  0]
 [ 0 -1  0  0  0  0  0  0]
 [ 0  0  0  0  0  0  0  0]]
-----------------
Chessboard input is: 
[[ 0  0  0  0  0  0  0  0]
 [ 0  0  0  0  0  0  0  0]
 [ 0  0  0 -1  1  0  0  0]
 [ 0 -1 -1 -1 -1 -1  0  0]
 [ 0  1  1 -1  1  1  0  0]
 [ 0  0 -1 -1  0  0  0  0]
 [ 0 -1  0  0  0  0  0  0]
 [ 0  0  0  0  0  0  0  0]]
['12011014', '1', '0', 2, 1, 1, [[0, 0, 0, 0, 0, 0, 0, 0], [0, 0, 0, 0, 0, 0, 0, 0], [0, 1, 0, -1, 1, 0, 0, 0], [0, 1, -1, -1, -1, -1, 0, 0], [0, 1, 1, -1, 1, 1, 0, 0], [0, 0, -1, -1, 0, 0, 0, 0], [0, -1, 0, 0, 0, 0, 0, 0], [0, 0, 0, 0, 0, 0, 0, 0]]]
Use Time: 5.000491619110107, This step timeout is True
The candidate list of user is: [(1, 2), (1, 4), (2, 0), (2, 1), (2, 2), (2, 5), (2, 6), (4, 6), (6, 2), (6, 3), (6, 4), (1, 2), (2, 0), (2, 1)]
Chessboard output is: 
[[ 0  0  0  0  0  0  0  0]
 [ 0  0  0  0  0  0  0  0]
 [ 0  1  0 -1  1  0  0  0]
 [ 0  1 -1 -1 -1 -1  0  0]
 [ 0  1  1 -1  1  1  0  0]
 [ 0  0 -1 -1  0  0  0  0]
 [ 0 -1  0  0  0  0  0  0]
 [ 0  0  0  0  0  0  0  0]]
-----------------
Chessboard input is: 
[[ 0  0  0  0  0  0  0  0]
 [ 0  0  0  0  0  0  0  0]
 [ 0  1  0 -1  1  0  0  0]
 [ 0  1 -1 -1 -1 -1  0  0]
 [ 0  1  1 -1  1  1  0  0]
 [ 0  0 -1 -1  0  0  0  0]
 [ 0 -1  0  0  0  0  0  0]
 [ 0  0  0  0  0  0  0  0]]
['12011014', '1', '0', 5, 4, -1, [[0, 0, 0, 0, 0, 0, 0, 0], [0, 0, 0, 0, 0, 0, 0, 0], [0, 1, 0, -1, 1, 0, 0, 0], [0, 1, -1, -1, -1, -1, 0, 0], [0, 1, 1, -1, -1, 1, 0, 0], [0, 0, -1, -1, -1, 0, 0, 0], [0, -1, 0, 0, 0, 0, 0, 0], [0, 0, 0, 0, 0, 0, 0, 0]]]
Use Time: 3.9511351585388184, This step timeout is False
The candidate list of user is: [(1, 0), (1, 3), (1, 4), (1, 5), (2, 0), (2, 5), (3, 0), (4, 0), (4, 6), (5, 0), (5, 1), (5, 4), (5, 5), (5, 6), (5, 4)]
Chessboard output is: 
[[ 0  0  0  0  0  0  0  0]
 [ 0  0  0  0  0  0  0  0]
 [ 0  1  0 -1  1  0  0  0]
 [ 0  1 -1 -1 -1 -1  0  0]
 [ 0  1  1 -1 -1  1  0  0]
 [ 0  0 -1 -1 -1  0  0  0]
 [ 0 -1  0  0  0  0  0  0]
 [ 0  0  0  0  0  0  0  0]]
-----------------
Chessboard input is: 
[[ 0  0  0  0  0  0  0  0]
 [ 0  0  0  0  0  0  0  0]
 [ 0  1  0 -1  1  0  0  0]
 [ 0  1 -1 -1 -1 -1  0  0]
 [ 0  1  1 -1 -1  1  0  0]
 [ 0  0 -1 -1 -1  0  0  0]
 [ 0 -1  0  0  0  0  0  0]
 [ 0  0  0  0  0  0  0  0]]
['12011014', '1', '0', 6, 2, 1, [[0, 0, 0, 0, 0, 0, 0, 0], [0, 0, 0, 0, 0, 0, 0, 0], [0, 1, 0, -1, 1, 0, 0, 0], [0, 1, -1, -1, -1, -1, 0, 0], [0, 1, 1, -1, -1, 1, 0, 0], [0, 0, 1, -1, -1, 0, 0, 0], [0, -1, 1, 0, 0, 0, 0, 0], [0, 0, 0, 0, 0, 0, 0, 0]]]
Use Time: 5.000444650650024, This step timeout is True
The candidate list of user is: [(1, 2), (1, 4), (2, 2), (2, 5), (3, 6), (4, 6), (6, 2), (6, 3), (6, 4), (6, 5), (1, 2), (2, 5), (4, 6), (6, 2)]
Chessboard output is: 
[[ 0  0  0  0  0  0  0  0]
 [ 0  0  0  0  0  0  0  0]
 [ 0  1  0 -1  1  0  0  0]
 [ 0  1 -1 -1 -1 -1  0  0]
 [ 0  1  1 -1 -1  1  0  0]
 [ 0  0  1 -1 -1  0  0  0]
 [ 0 -1  1  0  0  0  0  0]
 [ 0  0  0  0  0  0  0  0]]
-----------------
Chessboard input is: 
[[ 0  0  0  0  0  0  0  0]
 [ 0  0  0  0  0  0  0  0]
 [ 0  1  0 -1  1  0  0  0]
 [ 0  1 -1 -1 -1 -1  0  0]
 [ 0  1  1 -1 -1  1  0  0]
 [ 0  0  1 -1 -1  0  0  0]
 [ 0 -1  1  0  0  0  0  0]
 [ 0  0  0  0  0  0  0  0]]
['12011014', '1', '0', 7, 1, -1, [[0, 0, 0, 0, 0, 0, 0, 0], [0, 0, 0, 0, 0, 0, 0, 0], [0, 1, 0, -1, 1, 0, 0, 0], [0, 1, -1, -1, -1, -1, 0, 0], [0, 1, 1, -1, -1, 1, 0, 0], [0, 0, 1, -1, -1, 0, 0, 0], [0, -1, -1, 0, 0, 0, 0, 0], [0, -1, 0, 0, 0, 0, 0, 0]]]
Use Time: 4.348799467086792, This step timeout is False
The candidate list of user is: [(1, 0), (1, 3), (1, 4), (1, 5), (2, 0), (2, 5), (3, 0), (3, 6), (4, 0), (4, 6), (5, 0), (5, 1), (5, 5), (5, 6), (6, 3), (7, 1), (7, 2), (7, 1)]
Chessboard output is: 
[[ 0  0  0  0  0  0  0  0]
 [ 0  0  0  0  0  0  0  0]
 [ 0  1  0 -1  1  0  0  0]
 [ 0  1 -1 -1 -1 -1  0  0]
 [ 0  1  1 -1 -1  1  0  0]
 [ 0  0  1 -1 -1  0  0  0]
 [ 0 -1 -1  0  0  0  0  0]
 [ 0 -1  0  0  0  0  0  0]]
-----------------
Chessboard input is: 
[[ 0  0  0  0  0  0  0  0]
 [ 0  0  0  0  0  0  0  0]
 [ 0  1  0 -1  1  0  0  0]
 [ 0  1 -1 -1 -1 -1  0  0]
 [ 0  1  1 -1 -1  1  0  0]
 [ 0  0  1 -1 -1  0  0  0]
 [ 0 -1 -1  0  0  0  0  0]
 [ 0 -1  0  0  0  0  0  0]]
['12011014', '1', '0', 6, 3, 1, [[0, 0, 0, 0, 0, 0, 0, 0], [0, 0, 0, 0, 0, 0, 0, 0], [0, 1, 0, -1, 1, 0, 0, 0], [0, 1, -1, -1, -1, -1, 0, 0], [0, 1, 1, -1, -1, 1, 0, 0], [0, 0, 1, -1, 1, 0, 0, 0], [0, -1, -1, 1, 0, 0, 0, 0], [0, -1, 0, 0, 0, 0, 0, 0]]]
Use Time: 5.000468492507935, This step timeout is True
The candidate list of user is: [(1, 2), (1, 4), (2, 2), (2, 5), (3, 6), (4, 6), (5, 5), (6, 3), (6, 4), (6, 5), (7, 0), (7, 2), (1, 2), (1, 4), (4, 6), (6, 3)]
Chessboard output is: 
[[ 0  0  0  0  0  0  0  0]
 [ 0  0  0  0  0  0  0  0]
 [ 0  1  0 -1  1  0  0  0]
 [ 0  1 -1 -1 -1 -1  0  0]
 [ 0  1  1 -1 -1  1  0  0]
 [ 0  0  1 -1  1  0  0  0]
 [ 0 -1 -1  1  0  0  0  0]
 [ 0 -1  0  0  0  0  0  0]]
-----------------
Chessboard input is: 
[[ 0  0  0  0  0  0  0  0]
 [ 0  0  0  0  0  0  0  0]
 [ 0  1  0 -1  1  0  0  0]
 [ 0  1 -1 -1 -1 -1  0  0]
 [ 0  1  1 -1 -1  1  0  0]
 [ 0  0  1 -1  1  0  0  0]
 [ 0 -1 -1  1  0  0  0  0]
 [ 0 -1  0  0  0  0  0  0]]
['12011014', '1', '0', 6, 4, -1, [[0, 0, 0, 0, 0, 0, 0, 0], [0, 0, 0, 0, 0, 0, 0, 0], [0, 1, 0, -1, 1, 0, 0, 0], [0, 1, -1, -1, -1, -1, 0, 0], [0, 1, 1, -1, -1, 1, 0, 0], [0, 0, 1, -1, -1, 0, 0, 0], [0, -1, -1, -1, -1, 0, 0, 0], [0, -1, 0, 0, 0, 0, 0, 0]]]
Use Time: 4.368291139602661, This step timeout is False
The candidate list of user is: [(1, 0), (1, 3), (1, 4), (1, 5), (2, 0), (2, 5), (3, 0), (4, 0), (4, 6), (5, 0), (5, 1), (5, 5), (5, 6), (6, 4), (6, 5), (7, 3), (6, 4)]
Chessboard output is: 
[[ 0  0  0  0  0  0  0  0]
 [ 0  0  0  0  0  0  0  0]
 [ 0  1  0 -1  1  0  0  0]
 [ 0  1 -1 -1 -1 -1  0  0]
 [ 0  1  1 -1 -1  1  0  0]
 [ 0  0  1 -1 -1  0  0  0]
 [ 0 -1 -1 -1 -1  0  0  0]
 [ 0 -1  0  0  0  0  0  0]]
-----------------
Chessboard input is: 
[[ 0  0  0  0  0  0  0  0]
 [ 0  0  0  0  0  0  0  0]
 [ 0  1  0 -1  1  0  0  0]
 [ 0  1 -1 -1 -1 -1  0  0]
 [ 0  1  1 -1 -1  1  0  0]
 [ 0  0  1 -1 -1  0  0  0]
 [ 0 -1 -1 -1 -1  0  0  0]
 [ 0 -1  0  0  0  0  0  0]]
['12011014', '1', '0', 4, 6, 1, [[0, 0, 0, 0, 0, 0, 0, 0], [0, 0, 0, 0, 0, 0, 0, 0], [0, 1, 0, -1, 1, 0, 0, 0], [0, 1, -1, -1, -1, 1, 0, 0], [0, 1, 1, -1, -1, 1, 1, 0], [0, 0, 1, -1, -1, 0, 0, 0], [0, -1, -1, -1, -1, 0, 0, 0], [0, -1, 0, 0, 0, 0, 0, 0]]]
Use Time: 5.000490188598633, This step timeout is True
The candidate list of user is: [(1, 2), (1, 4), (2, 2), (2, 5), (3, 6), (4, 6), (5, 5), (6, 5), (7, 0), (7, 2), (7, 4), (7, 5), (1, 2), (1, 4), (4, 6)]
Chessboard output is: 
[[ 0  0  0  0  0  0  0  0]
 [ 0  0  0  0  0  0  0  0]
 [ 0  1  0 -1  1  0  0  0]
 [ 0  1 -1 -1 -1  1  0  0]
 [ 0  1  1 -1 -1  1  1  0]
 [ 0  0  1 -1 -1  0  0  0]
 [ 0 -1 -1 -1 -1  0  0  0]
 [ 0 -1  0  0  0  0  0  0]]
-----------------
Chessboard input is: 
[[ 0  0  0  0  0  0  0  0]
 [ 0  0  0  0  0  0  0  0]
 [ 0  1  0 -1  1  0  0  0]
 [ 0  1 -1 -1 -1  1  0  0]
 [ 0  1  1 -1 -1  1  1  0]
 [ 0  0  1 -1 -1  0  0  0]
 [ 0 -1 -1 -1 -1  0  0  0]
 [ 0 -1  0  0  0  0  0  0]]
['12011014', '1', '0', 2, 6, -1, [[0, 0, 0, 0, 0, 0, 0, 0], [0, 0, 0, 0, 0, 0, 0, 0], [0, 1, 0, -1, 1, 0, -1, 0], [0, 1, -1, -1, -1, -1, 0, 0], [0, 1, 1, -1, -1, 1, 1, 0], [0, 0, 1, -1, -1, 0, 0, 0], [0, -1, -1, -1, -1, 0, 0, 0], [0, -1, 0, 0, 0, 0, 0, 0]]]
Use Time: 4.0998852252960205, This step timeout is False
The candidate list of user is: [(1, 0), (1, 4), (1, 5), (2, 0), (2, 5), (2, 6), (3, 0), (3, 6), (4, 0), (4, 7), (5, 0), (5, 1), (5, 6), (2, 6)]
Chessboard output is: 
[[ 0  0  0  0  0  0  0  0]
 [ 0  0  0  0  0  0  0  0]
 [ 0  1  0 -1  1  0 -1  0]
 [ 0  1 -1 -1 -1 -1  0  0]
 [ 0  1  1 -1 -1  1  1  0]
 [ 0  0  1 -1 -1  0  0  0]
 [ 0 -1 -1 -1 -1  0  0  0]
 [ 0 -1  0  0  0  0  0  0]]
-----------------
Chessboard input is: 
[[ 0  0  0  0  0  0  0  0]
 [ 0  0  0  0  0  0  0  0]
 [ 0  1  0 -1  1  0 -1  0]
 [ 0  1 -1 -1 -1 -1  0  0]
 [ 0  1  1 -1 -1  1  1  0]
 [ 0  0  1 -1 -1  0  0  0]
 [ 0 -1 -1 -1 -1  0  0  0]
 [ 0 -1  0  0  0  0  0  0]]
['12011014', '1', '0', 3, 6, 1, [[0, 0, 0, 0, 0, 0, 0, 0], [0, 0, 0, 0, 0, 0, 0, 0], [0, 1, 0, -1, 1, 0, -1, 0], [0, 1, 1, 1, 1, 1, 1, 0], [0, 1, 1, -1, -1, 1, 1, 0], [0, 0, 1, -1, -1, 0, 0, 0], [0, -1, -1, -1, -1, 0, 0, 0], [0, -1, 0, 0, 0, 0, 0, 0]]]
Use Time: 5.000539302825928, This step timeout is True
The candidate list of user is: [(1, 2), (1, 4), (2, 2), (2, 5), (3, 6), (5, 5), (6, 5), (7, 0), (7, 2), (7, 4), (7, 5), (1, 2), (1, 4), (2, 5), (3, 6)]
Chessboard output is: 
[[ 0  0  0  0  0  0  0  0]
 [ 0  0  0  0  0  0  0  0]
 [ 0  1  0 -1  1  0 -1  0]
 [ 0  1  1  1  1  1  1  0]
 [ 0  1  1 -1 -1  1  1  0]
 [ 0  0  1 -1 -1  0  0  0]
 [ 0 -1 -1 -1 -1  0  0  0]
 [ 0 -1  0  0  0  0  0  0]]
-----------------
Chessboard input is: 
[[ 0  0  0  0  0  0  0  0]
 [ 0  0  0  0  0  0  0  0]
 [ 0  1  0 -1  1  0 -1  0]
 [ 0  1  1  1  1  1  1  0]
 [ 0  1  1 -1 -1  1  1  0]
 [ 0  0  1 -1 -1  0  0  0]
 [ 0 -1 -1 -1 -1  0  0  0]
 [ 0 -1  0  0  0  0  0  0]]
['12011014', '1', '0', 5, 6, -1, [[0, 0, 0, 0, 0, 0, 0, 0], [0, 0, 0, 0, 0, 0, 0, 0], [0, 1, 0, -1, 1, 0, -1, 0], [0, 1, 1, 1, -1, 1, -1, 0], [0, 1, 1, -1, -1, -1, -1, 0], [0, 0, 1, -1, -1, 0, -1, 0], [0, -1, -1, -1, -1, 0, 0, 0], [0, -1, 0, 0, 0, 0, 0, 0]]]
Use Time: 4.118197441101074, This step timeout is False
The candidate list of user is: [(1, 0), (1, 4), (2, 0), (2, 2), (2, 5), (2, 7), (3, 0), (4, 0), (4, 7), (5, 0), (5, 1), (5, 6), (5, 6)]
Chessboard output is: 
[[ 0  0  0  0  0  0  0  0]
 [ 0  0  0  0  0  0  0  0]
 [ 0  1  0 -1  1  0 -1  0]
 [ 0  1  1  1 -1  1 -1  0]
 [ 0  1  1 -1 -1 -1 -1  0]
 [ 0  0  1 -1 -1  0 -1  0]
 [ 0 -1 -1 -1 -1  0  0  0]
 [ 0 -1  0  0  0  0  0  0]]
-----------------
Chessboard input is: 
[[ 0  0  0  0  0  0  0  0]
 [ 0  0  0  0  0  0  0  0]
 [ 0  1  0 -1  1  0 -1  0]
 [ 0  1  1  1 -1  1 -1  0]
 [ 0  1  1 -1 -1 -1 -1  0]
 [ 0  0  1 -1 -1  0 -1  0]
 [ 0 -1 -1 -1 -1  0  0  0]
 [ 0 -1  0  0  0  0  0  0]]
['12011014', '1', '0', 2, 5, 1, [[0, 0, 0, 0, 0, 0, 0, 0], [0, 0, 0, 0, 0, 0, 0, 0], [0, 1, 0, -1, 1, 1, -1, 0], [0, 1, 1, 1, 1, 1, -1, 0], [0, 1, 1, 1, -1, -1, -1, 0], [0, 0, 1, -1, -1, 0, -1, 0], [0, -1, -1, -1, -1, 0, 0, 0], [0, -1, 0, 0, 0, 0, 0, 0]]]
Use Time: 5.000535011291504, This step timeout is True
The candidate list of user is: [(1, 3), (1, 4), (1, 7), (2, 2), (2, 5), (3, 7), (4, 7), (5, 5), (5, 7), (6, 5), (7, 0), (7, 2), (7, 3), (7, 4), (7, 5), (1, 3), (1, 4), (1, 7), (2, 5)]
Chessboard output is: 
[[ 0  0  0  0  0  0  0  0]
 [ 0  0  0  0  0  0  0  0]
 [ 0  1  0 -1  1  1 -1  0]
 [ 0  1  1  1  1  1 -1  0]
 [ 0  1  1  1 -1 -1 -1  0]
 [ 0  0  1 -1 -1  0 -1  0]
 [ 0 -1 -1 -1 -1  0  0  0]
 [ 0 -1  0  0  0  0  0  0]]
-----------------
Chessboard input is: 
[[ 0  0  0  0  0  0  0  0]
 [ 0  0  0  0  0  0  0  0]
 [ 0  1  0 -1  1  1 -1  0]
 [ 0  1  1  1  1  1 -1  0]
 [ 0  1  1  1 -1 -1 -1  0]
 [ 0  0  1 -1 -1  0 -1  0]
 [ 0 -1 -1 -1 -1  0  0  0]
 [ 0 -1  0  0  0  0  0  0]]
['12011014', '1', '0', 1, 0, -1, [[0, 0, 0, 0, 0, 0, 0, 0], [-1, 0, 0, 0, 0, 0, 0, 0], [0, -1, 0, -1, 1, 1, -1, 0], [0, 1, -1, 1, 1, 1, -1, 0], [0, 1, 1, -1, -1, -1, -1, 0], [0, 0, 1, -1, -1, 0, -1, 0], [0, -1, -1, -1, -1, 0, 0, 0], [0, -1, 0, 0, 0, 0, 0, 0]]]
Use Time: 3.6885204315185547, This step timeout is False
The candidate list of user is: [(1, 0), (1, 3), (1, 4), (1, 5), (1, 6), (2, 0), (2, 2), (3, 0), (4, 0), (5, 0), (5, 1), (1, 0)]
Chessboard output is: 
[[ 0  0  0  0  0  0  0  0]
 [-1  0  0  0  0  0  0  0]
 [ 0 -1  0 -1  1  1 -1  0]
 [ 0  1 -1  1  1  1 -1  0]
 [ 0  1  1 -1 -1 -1 -1  0]
 [ 0  0  1 -1 -1  0 -1  0]
 [ 0 -1 -1 -1 -1  0  0  0]
 [ 0 -1  0  0  0  0  0  0]]
-----------------
Chessboard input is: 
[[ 0  0  0  0  0  0  0  0]
 [-1  0  0  0  0  0  0  0]
 [ 0 -1  0 -1  1  1 -1  0]
 [ 0  1 -1  1  1  1 -1  0]
 [ 0  1  1 -1 -1 -1 -1  0]
 [ 0  0  1 -1 -1  0 -1  0]
 [ 0 -1 -1 -1 -1  0  0  0]
 [ 0 -1  0  0  0  0  0  0]]
['12011014', '1', '0', 1, 2, 1, [[0, 0, 0, 0, 0, 0, 0, 0], [-1, 0, 1, 0, 0, 0, 0, 0], [0, -1, 0, 1, 1, 1, -1, 0], [0, 1, -1, 1, 1, 1, -1, 0], [0, 1, 1, -1, -1, -1, -1, 0], [0, 0, 1, -1, -1, 0, -1, 0], [0, -1, -1, -1, -1, 0, 0, 0], [0, -1, 0, 0, 0, 0, 0, 0]]]
Use Time: 5.000447034835815, This step timeout is True
The candidate list of user is: [(1, 1), (1, 2), (1, 3), (1, 4), (1, 7), (2, 2), (2, 7), (3, 7), (4, 7), (5, 5), (5, 7), (6, 7), (7, 0), (7, 2), (7, 3), (7, 4), (7, 5), (1, 1), (1, 2)]
Chessboard output is: 
[[ 0  0  0  0  0  0  0  0]
 [-1  0  1  0  0  0  0  0]
 [ 0 -1  0  1  1  1 -1  0]
 [ 0  1 -1  1  1  1 -1  0]
 [ 0  1  1 -1 -1 -1 -1  0]
 [ 0  0  1 -1 -1  0 -1  0]
 [ 0 -1 -1 -1 -1  0  0  0]
 [ 0 -1  0  0  0  0  0  0]]
-----------------
Chessboard input is: 
[[ 0  0  0  0  0  0  0  0]
 [-1  0  1  0  0  0  0  0]
 [ 0 -1  0  1  1  1 -1  0]
 [ 0  1 -1  1  1  1 -1  0]
 [ 0  1  1 -1 -1 -1 -1  0]
 [ 0  0  1 -1 -1  0 -1  0]
 [ 0 -1 -1 -1 -1  0  0  0]
 [ 0 -1  0  0  0  0  0  0]]
['12011014', '1', '0', 0, 1, -1, [[0, -1, 0, 0, 0, 0, 0, 0], [-1, 0, -1, 0, 0, 0, 0, 0], [0, -1, 0, -1, 1, 1, -1, 0], [0, 1, -1, 1, -1, 1, -1, 0], [0, 1, 1, -1, -1, -1, -1, 0], [0, 0, 1, -1, -1, 0, -1, 0], [0, -1, -1, -1, -1, 0, 0, 0], [0, -1, 0, 0, 0, 0, 0, 0]]]
Use Time: 2.820033073425293, This step timeout is False
The candidate list of user is: [(0, 1), (0, 3), (1, 3), (1, 4), (1, 5), (1, 6), (2, 0), (2, 2), (3, 0), (4, 0), (5, 0), (5, 1), (0, 1)]
Chessboard output is: 
[[ 0 -1  0  0  0  0  0  0]
 [-1  0 -1  0  0  0  0  0]
 [ 0 -1  0 -1  1  1 -1  0]
 [ 0  1 -1  1 -1  1 -1  0]
 [ 0  1  1 -1 -1 -1 -1  0]
 [ 0  0  1 -1 -1  0 -1  0]
 [ 0 -1 -1 -1 -1  0  0  0]
 [ 0 -1  0  0  0  0  0  0]]
-----------------
Chessboard input is: 
[[ 0 -1  0  0  0  0  0  0]
 [-1  0 -1  0  0  0  0  0]
 [ 0 -1  0 -1  1  1 -1  0]
 [ 0  1 -1  1 -1  1 -1  0]
 [ 0  1  1 -1 -1 -1 -1  0]
 [ 0  0  1 -1 -1  0 -1  0]
 [ 0 -1 -1 -1 -1  0  0  0]
 [ 0 -1  0  0  0  0  0  0]]
['12011014', '1', '0', 1, 7, 1, [[0, -1, 0, 0, 0, 0, 0, 0], [-1, 0, -1, 0, 0, 0, 0, 1], [0, -1, 0, -1, 1, 1, 1, 0], [0, 1, -1, 1, -1, 1, -1, 0], [0, 1, 1, -1, -1, -1, -1, 0], [0, 0, 1, -1, -1, 0, -1, 0], [0, -1, -1, -1, -1, 0, 0, 0], [0, -1, 0, 0, 0, 0, 0, 0]]]
Use Time: 4.629261493682861, This step timeout is False
The candidate list of user is: [(1, 1), (1, 3), (1, 4), (1, 7), (2, 2), (2, 7), (3, 7), (4, 7), (5, 5), (5, 7), (7, 0), (7, 2), (7, 3), (7, 4), (7, 5), (1, 1), (1, 3), (1, 4), (1, 7)]
Chessboard output is: 
[[ 0 -1  0  0  0  0  0  0]
 [-1  0 -1  0  0  0  0  1]
 [ 0 -1  0 -1  1  1  1  0]
 [ 0  1 -1  1 -1  1 -1  0]
 [ 0  1  1 -1 -1 -1 -1  0]
 [ 0  0  1 -1 -1  0 -1  0]
 [ 0 -1 -1 -1 -1  0  0  0]
 [ 0 -1  0  0  0  0  0  0]]
-----------------
Chessboard input is: 
[[ 0 -1  0  0  0  0  0  0]
 [-1  0 -1  0  0  0  0  1]
 [ 0 -1  0 -1  1  1  1  0]
 [ 0  1 -1  1 -1  1 -1  0]
 [ 0  1  1 -1 -1 -1 -1  0]
 [ 0  0  1 -1 -1  0 -1  0]
 [ 0 -1 -1 -1 -1  0  0  0]
 [ 0 -1  0  0  0  0  0  0]]
['12011014', '1', '0', 2, 2, -1, [[0, -1, 0, 0, 0, 0, 0, 0], [-1, 0, -1, 0, 0, 0, 0, 1], [0, -1, -1, -1, 1, 1, 1, 0], [0, 1, -1, -1, -1, 1, -1, 0], [0, 1, 1, -1, -1, -1, -1, 0], [0, 0, 1, -1, -1, 0, -1, 0], [0, -1, -1, -1, -1, 0, 0, 0], [0, -1, 0, 0, 0, 0, 0, 0]]]
Use Time: 2.6613662242889404, This step timeout is False
The candidate list of user is: [(1, 3), (1, 4), (1, 5), (1, 6), (2, 0), (2, 2), (2, 7), (3, 0), (4, 0), (5, 0), (5, 1), (2, 2)]
Chessboard output is: 
[[ 0 -1  0  0  0  0  0  0]
 [-1  0 -1  0  0  0  0  1]
 [ 0 -1 -1 -1  1  1  1  0]
 [ 0  1 -1 -1 -1  1 -1  0]
 [ 0  1  1 -1 -1 -1 -1  0]
 [ 0  0  1 -1 -1  0 -1  0]
 [ 0 -1 -1 -1 -1  0  0  0]
 [ 0 -1  0  0  0  0  0  0]]
-----------------
Chessboard input is: 
[[ 0 -1  0  0  0  0  0  0]
 [-1  0 -1  0  0  0  0  1]
 [ 0 -1 -1 -1  1  1  1  0]
 [ 0  1 -1 -1 -1  1 -1  0]
 [ 0  1  1 -1 -1 -1 -1  0]
 [ 0  0  1 -1 -1  0 -1  0]
 [ 0 -1 -1 -1 -1  0  0  0]
 [ 0 -1  0  0  0  0  0  0]]
['12011014', '1', '0', 1, 4, 1, [[0, -1, 0, 0, 0, 0, 0, 0], [-1, 0, -1, 0, 1, 0, 0, 1], [0, -1, -1, 1, 1, 1, 1, 0], [0, 1, 1, -1, -1, 1, -1, 0], [0, 1, 1, -1, -1, -1, -1, 0], [0, 0, 1, -1, -1, 0, -1, 0], [0, -1, -1, -1, -1, 0, 0, 0], [0, -1, 0, 0, 0, 0, 0, 0]]]
Use Time: 5.000442266464233, This step timeout is True
The candidate list of user is: [(0, 2), (1, 1), (1, 3), (1, 4), (2, 0), (3, 7), (4, 7), (5, 5), (5, 7), (6, 6), (7, 0), (7, 2), (7, 4), (7, 5), (0, 2), (1, 1), (1, 4)]
Chessboard output is: 
[[ 0 -1  0  0  0  0  0  0]
 [-1  0 -1  0  1  0  0  1]
 [ 0 -1 -1  1  1  1  1  0]
 [ 0  1  1 -1 -1  1 -1  0]
 [ 0  1  1 -1 -1 -1 -1  0]
 [ 0  0  1 -1 -1  0 -1  0]
 [ 0 -1 -1 -1 -1  0  0  0]
 [ 0 -1  0  0  0  0  0  0]]
-----------------
Chessboard input is: 
[[ 0 -1  0  0  0  0  0  0]
 [-1  0 -1  0  1  0  0  1]
 [ 0 -1 -1  1  1  1  1  0]
 [ 0  1  1 -1 -1  1 -1  0]
 [ 0  1  1 -1 -1 -1 -1  0]
 [ 0  0  1 -1 -1  0 -1  0]
 [ 0 -1 -1 -1 -1  0  0  0]
 [ 0 -1  0  0  0  0  0  0]]
['12011014', '1', '0', 5, 1, -1, [[0, -1, 0, 0, 0, 0, 0, 0], [-1, 0, -1, 0, 1, 0, 0, 1], [0, -1, -1, 1, 1, 1, 1, 0], [0, -1, 1, -1, -1, 1, -1, 0], [0, -1, -1, -1, -1, -1, -1, 0], [0, -1, -1, -1, -1, 0, -1, 0], [0, -1, -1, -1, -1, 0, 0, 0], [0, -1, 0, 0, 0, 0, 0, 0]]]
Use Time: 5.000436305999756, This step timeout is True
The candidate list of user is: [(0, 3), (0, 4), (1, 3), (1, 5), (1, 6), (2, 0), (2, 7), (3, 0), (4, 0), (5, 1)]
Chessboard output is: 
[[ 0 -1  0  0  0  0  0  0]
 [-1  0 -1  0  1  0  0  1]
 [ 0 -1 -1  1  1  1  1  0]
 [ 0 -1  1 -1 -1  1 -1  0]
 [ 0 -1 -1 -1 -1 -1 -1  0]
 [ 0 -1 -1 -1 -1  0 -1  0]
 [ 0 -1 -1 -1 -1  0  0  0]
 [ 0 -1  0  0  0  0  0  0]]
-----------------
Chessboard input is: 
[[ 0 -1  0  0  0  0  0  0]
 [-1  0 -1  0  1  0  0  1]
 [ 0 -1 -1  1  1  1  1  0]
 [ 0 -1  1 -1 -1  1 -1  0]
 [ 0 -1 -1 -1 -1 -1 -1  0]
 [ 0 -1 -1 -1 -1  0 -1  0]
 [ 0 -1 -1 -1 -1  0  0  0]
 [ 0 -1  0  0  0  0  0  0]]
['12011014', '1', '0', 3, 7, 1, [[0, -1, 0, 0, 0, 0, 0, 0], [-1, 0, -1, 0, 1, 0, 0, 1], [0, -1, -1, 1, 1, 1, 1, 0], [0, -1, 1, -1, -1, 1, 1, 1], [0, -1, -1, -1, -1, -1, -1, 0], [0, -1, -1, -1, -1, 0, -1, 0], [0, -1, -1, -1, -1, 0, 0, 0], [0, -1, 0, 0, 0, 0, 0, 0]]]
Use Time: 5.0004096031188965, This step timeout is True
The candidate list of user is: [(0, 2), (2, 0), (3, 0), (3, 7), (4, 7), (5, 0), (5, 5), (5, 7), (6, 0), (6, 5), (6, 6), (6, 7), (7, 0), (7, 2), (7, 3), (7, 4), (0, 2), (2, 0), (3, 0), (3, 7)]
Chessboard output is: 
[[ 0 -1  0  0  0  0  0  0]
 [-1  0 -1  0  1  0  0  1]
 [ 0 -1 -1  1  1  1  1  0]
 [ 0 -1  1 -1 -1  1  1  1]
 [ 0 -1 -1 -1 -1 -1 -1  0]
 [ 0 -1 -1 -1 -1  0 -1  0]
 [ 0 -1 -1 -1 -1  0  0  0]
 [ 0 -1  0  0  0  0  0  0]]
-----------------
Chessboard input is: 
[[ 0 -1  0  0  0  0  0  0]
 [-1  0 -1  0  1  0  0  1]
 [ 0 -1 -1  1  1  1  1  0]
 [ 0 -1  1 -1 -1  1  1  1]
 [ 0 -1 -1 -1 -1 -1 -1  0]
 [ 0 -1 -1 -1 -1  0 -1  0]
 [ 0 -1 -1 -1 -1  0  0  0]
 [ 0 -1  0  0  0  0  0  0]]
['12011014', '1', '0', 2, 7, -1, [[0, -1, 0, 0, 0, 0, 0, 0], [-1, 0, -1, 0, 1, 0, 0, 1], [0, -1, -1, -1, -1, -1, -1, -1], [0, -1, 1, -1, -1, 1, -1, 1], [0, -1, -1, -1, -1, -1, -1, 0], [0, -1, -1, -1, -1, 0, -1, 0], [0, -1, -1, -1, -1, 0, 0, 0], [0, -1, 0, 0, 0, 0, 0, 0]]]
Use Time: 5.000547647476196, This step timeout is True
The candidate list of user is: [(0, 4), (0, 5), (1, 3), (1, 5), (1, 6), (2, 7)]
Chessboard output is: 
[[ 0 -1  0  0  0  0  0  0]
 [-1  0 -1  0  1  0  0  1]
 [ 0 -1 -1 -1 -1 -1 -1 -1]
 [ 0 -1  1 -1 -1  1 -1  1]
 [ 0 -1 -1 -1 -1 -1 -1  0]
 [ 0 -1 -1 -1 -1  0 -1  0]
 [ 0 -1 -1 -1 -1  0  0  0]
 [ 0 -1  0  0  0  0  0  0]]
-----------------
Chessboard input is: 
[[ 0 -1  0  0  0  0  0  0]
 [-1  0 -1  0  1  0  0  1]
 [ 0 -1 -1 -1 -1 -1 -1 -1]
 [ 0 -1  1 -1 -1  1 -1  1]
 [ 0 -1 -1 -1 -1 -1 -1  0]
 [ 0 -1 -1 -1 -1  0 -1  0]
 [ 0 -1 -1 -1 -1  0  0  0]
 [ 0 -1  0  0  0  0  0  0]]
['12011014', '1', '0', 1, 3, 1, [[0, -1, 0, 0, 0, 0, 0, 0], [-1, 0, -1, 1, 1, 0, 0, 1], [0, -1, -1, -1, 1, -1, -1, -1], [0, -1, 1, -1, -1, 1, -1, 1], [0, -1, -1, -1, -1, -1, -1, 0], [0, -1, -1, -1, -1, 0, -1, 0], [0, -1, -1, -1, -1, 0, 0, 0], [0, -1, 0, 0, 0, 0, 0, 0]]]
Use Time: 2.8613407611846924, This step timeout is False
The candidate list of user is: [(0, 2), (1, 3), (1, 5), (3, 0), (4, 7), (5, 0), (5, 5), (5, 7), (6, 5), (7, 2), (7, 4), (0, 2), (1, 3)]
Chessboard output is: 
[[ 0 -1  0  0  0  0  0  0]
 [-1  0 -1  1  1  0  0  1]
 [ 0 -1 -1 -1  1 -1 -1 -1]
 [ 0 -1  1 -1 -1  1 -1  1]
 [ 0 -1 -1 -1 -1 -1 -1  0]
 [ 0 -1 -1 -1 -1  0 -1  0]
 [ 0 -1 -1 -1 -1  0  0  0]
 [ 0 -1  0  0  0  0  0  0]]
-----------------
Chessboard input is: 
[[ 0 -1  0  0  0  0  0  0]
 [-1  0 -1  1  1  0  0  1]
 [ 0 -1 -1 -1  1 -1 -1 -1]
 [ 0 -1  1 -1 -1  1 -1  1]
 [ 0 -1 -1 -1 -1 -1 -1  0]
 [ 0 -1 -1 -1 -1  0 -1  0]
 [ 0 -1 -1 -1 -1  0  0  0]
 [ 0 -1  0  0  0  0  0  0]]
['12011014', '1', '0', 4, 7, -1, [[0, -1, 0, 0, 0, 0, 0, 0], [-1, 0, -1, 1, 1, 0, 0, 1], [0, -1, -1, -1, 1, -1, -1, -1], [0, -1, 1, -1, -1, 1, -1, -1], [0, -1, -1, -1, -1, -1, -1, -1], [0, -1, -1, -1, -1, 0, -1, 0], [0, -1, -1, -1, -1, 0, 0, 0], [0, -1, 0, 0, 0, 0, 0, 0]]]
Use Time: 5.000436544418335, This step timeout is True
The candidate list of user is: [(0, 2), (0, 3), (0, 4), (0, 5), (0, 7), (1, 5), (4, 7)]
Chessboard output is: 
[[ 0 -1  0  0  0  0  0  0]
 [-1  0 -1  1  1  0  0  1]
 [ 0 -1 -1 -1  1 -1 -1 -1]
 [ 0 -1  1 -1 -1  1 -1 -1]
 [ 0 -1 -1 -1 -1 -1 -1 -1]
 [ 0 -1 -1 -1 -1  0 -1  0]
 [ 0 -1 -1 -1 -1  0  0  0]
 [ 0 -1  0  0  0  0  0  0]]
-----------------
Chessboard input is: 
[[ 0 -1  0  0  0  0  0  0]
 [-1  0 -1  1  1  0  0  1]
 [ 0 -1 -1 -1  1 -1 -1 -1]
 [ 0 -1  1 -1 -1  1 -1 -1]
 [ 0 -1 -1 -1 -1 -1 -1 -1]
 [ 0 -1 -1 -1 -1  0 -1  0]
 [ 0 -1 -1 -1 -1  0  0  0]
 [ 0 -1  0  0  0  0  0  0]]
['12011014', '1', '0', 1, 1, 1, [[0, -1, 0, 0, 0, 0, 0, 0], [-1, 1, 1, 1, 1, 0, 0, 1], [0, -1, -1, -1, 1, -1, -1, -1], [0, -1, 1, -1, -1, 1, -1, -1], [0, -1, -1, -1, -1, -1, -1, -1], [0, -1, -1, -1, -1, 0, -1, 0], [0, -1, -1, -1, -1, 0, 0, 0], [0, -1, 0, 0, 0, 0, 0, 0]]]
Use Time: 3.2420902252197266, This step timeout is False
The candidate list of user is: [(0, 2), (1, 1), (1, 5), (2, 0), (3, 0), (4, 0), (5, 0), (5, 5), (5, 7), (6, 0), (6, 5), (7, 2), (7, 3), (7, 4), (0, 2), (1, 1)]
Chessboard output is: 
[[ 0 -1  0  0  0  0  0  0]
 [-1  1  1  1  1  0  0  1]
 [ 0 -1 -1 -1  1 -1 -1 -1]
 [ 0 -1  1 -1 -1  1 -1 -1]
 [ 0 -1 -1 -1 -1 -1 -1 -1]
 [ 0 -1 -1 -1 -1  0 -1  0]
 [ 0 -1 -1 -1 -1  0  0  0]
 [ 0 -1  0  0  0  0  0  0]]
-----------------
Chessboard input is: 
[[ 0 -1  0  0  0  0  0  0]
 [-1  1  1  1  1  0  0  1]
 [ 0 -1 -1 -1  1 -1 -1 -1]
 [ 0 -1  1 -1 -1  1 -1 -1]
 [ 0 -1 -1 -1 -1 -1 -1 -1]
 [ 0 -1 -1 -1 -1  0 -1  0]
 [ 0 -1 -1 -1 -1  0  0  0]
 [ 0 -1  0  0  0  0  0  0]]
['12011014', '1', '0', 0, 2, -1, [[0, -1, -1, 0, 0, 0, 0, 0], [-1, 1, -1, -1, 1, 0, 0, 1], [0, -1, -1, -1, -1, -1, -1, -1], [0, -1, 1, -1, -1, -1, -1, -1], [0, -1, -1, -1, -1, -1, -1, -1], [0, -1, -1, -1, -1, 0, -1, 0], [0, -1, -1, -1, -1, 0, 0, 0], [0, -1, 0, 0, 0, 0, 0, 0]]]
Use Time: 4.444140672683716, This step timeout is False
The candidate list of user is: [(0, 0), (0, 2), (0, 3), (0, 4), (0, 5), (0, 7), (1, 5), (0, 2)]
Chessboard output is: 
[[ 0 -1 -1  0  0  0  0  0]
 [-1  1 -1 -1  1  0  0  1]
 [ 0 -1 -1 -1 -1 -1 -1 -1]
 [ 0 -1  1 -1 -1 -1 -1 -1]
 [ 0 -1 -1 -1 -1 -1 -1 -1]
 [ 0 -1 -1 -1 -1  0 -1  0]
 [ 0 -1 -1 -1 -1  0  0  0]
 [ 0 -1  0  0  0  0  0  0]]
-----------------
Chessboard input is: 
[[ 0 -1 -1  0  0  0  0  0]
 [-1  1 -1 -1  1  0  0  1]
 [ 0 -1 -1 -1 -1 -1 -1 -1]
 [ 0 -1  1 -1 -1 -1 -1 -1]
 [ 0 -1 -1 -1 -1 -1 -1 -1]
 [ 0 -1 -1 -1 -1  0 -1  0]
 [ 0 -1 -1 -1 -1  0  0  0]
 [ 0 -1  0  0  0  0  0  0]]
['12011014', '1', '0', 3, 0, 1, [[0, -1, -1, 0, 0, 0, 0, 0], [-1, 1, -1, -1, 1, 0, 0, 1], [0, -1, -1, -1, -1, -1, -1, -1], [1, 1, 1, -1, -1, -1, -1, -1], [0, -1, -1, -1, -1, -1, -1, -1], [0, -1, -1, -1, -1, 0, -1, 0], [0, -1, -1, -1, -1, 0, 0, 0], [0, -1, 0, 0, 0, 0, 0, 0]]]
Use Time: 1.731414794921875, This step timeout is False
The candidate list of user is: [(3, 0), (5, 0), (5, 5), (5, 7), (6, 5), (7, 2), (7, 4), (3, 0)]
Chessboard output is: 
[[ 0 -1 -1  0  0  0  0  0]
 [-1  1 -1 -1  1  0  0  1]
 [ 0 -1 -1 -1 -1 -1 -1 -1]
 [ 1  1  1 -1 -1 -1 -1 -1]
 [ 0 -1 -1 -1 -1 -1 -1 -1]
 [ 0 -1 -1 -1 -1  0 -1  0]
 [ 0 -1 -1 -1 -1  0  0  0]
 [ 0 -1  0  0  0  0  0  0]]
-----------------
Chessboard input is: 
[[ 0 -1 -1  0  0  0  0  0]
 [-1  1 -1 -1  1  0  0  1]
 [ 0 -1 -1 -1 -1 -1 -1 -1]
 [ 1  1  1 -1 -1 -1 -1 -1]
 [ 0 -1 -1 -1 -1 -1 -1 -1]
 [ 0 -1 -1 -1 -1  0 -1  0]
 [ 0 -1 -1 -1 -1  0  0  0]
 [ 0 -1  0  0  0  0  0  0]]
['12011014', '1', '0', 2, 0, -1, [[0, -1, -1, 0, 0, 0, 0, 0], [-1, -1, -1, -1, 1, 0, 0, 1], [-1, -1, -1, -1, -1, -1, -1, -1], [1, -1, 1, -1, -1, -1, -1, -1], [0, -1, -1, -1, -1, -1, -1, -1], [0, -1, -1, -1, -1, 0, -1, 0], [0, -1, -1, -1, -1, 0, 0, 0], [0, -1, 0, 0, 0, 0, 0, 0]]]
Use Time: 4.37856125831604, This step timeout is False
The candidate list of user is: [(0, 0), (0, 3), (0, 4), (0, 5), (0, 7), (1, 5), (2, 0), (4, 0), (2, 0)]
Chessboard output is: 
[[ 0 -1 -1  0  0  0  0  0]
 [-1 -1 -1 -1  1  0  0  1]
 [-1 -1 -1 -1 -1 -1 -1 -1]
 [ 1 -1  1 -1 -1 -1 -1 -1]
 [ 0 -1 -1 -1 -1 -1 -1 -1]
 [ 0 -1 -1 -1 -1  0 -1  0]
 [ 0 -1 -1 -1 -1  0  0  0]
 [ 0 -1  0  0  0  0  0  0]]
-----------------
Chessboard input is: 
[[ 0 -1 -1  0  0  0  0  0]
 [-1 -1 -1 -1  1  0  0  1]
 [-1 -1 -1 -1 -1 -1 -1 -1]
 [ 1 -1  1 -1 -1 -1 -1 -1]
 [ 0 -1 -1 -1 -1 -1 -1 -1]
 [ 0 -1 -1 -1 -1  0 -1  0]
 [ 0 -1 -1 -1 -1  0  0  0]
 [ 0 -1  0  0  0  0  0  0]]
['12011014', '1', '0', 0, 3, 1, [[0, -1, -1, 1, 0, 0, 0, 0], [-1, -1, 1, -1, 1, 0, 0, 1], [-1, 1, -1, -1, -1, -1, -1, -1], [1, -1, 1, -1, -1, -1, -1, -1], [0, -1, -1, -1, -1, -1, -1, -1], [0, -1, -1, -1, -1, 0, -1, 0], [0, -1, -1, -1, -1, 0, 0, 0], [0, -1, 0, 0, 0, 0, 0, 0]]]
Use Time: 1.346024990081787, This step timeout is False
The candidate list of user is: [(0, 0), (0, 3), (5, 0), (5, 7), (6, 5), (7, 2), (7, 4), (0, 0), (0, 3)]
Chessboard output is: 
[[ 0 -1 -1  1  0  0  0  0]
 [-1 -1  1 -1  1  0  0  1]
 [-1  1 -1 -1 -1 -1 -1 -1]
 [ 1 -1  1 -1 -1 -1 -1 -1]
 [ 0 -1 -1 -1 -1 -1 -1 -1]
 [ 0 -1 -1 -1 -1  0 -1  0]
 [ 0 -1 -1 -1 -1  0  0  0]
 [ 0 -1  0  0  0  0  0  0]]
-----------------
Chessboard input is: 
[[ 0 -1 -1  1  0  0  0  0]
 [-1 -1  1 -1  1  0  0  1]
 [-1  1 -1 -1 -1 -1 -1 -1]
 [ 1 -1  1 -1 -1 -1 -1 -1]
 [ 0 -1 -1 -1 -1 -1 -1 -1]
 [ 0 -1 -1 -1 -1  0 -1  0]
 [ 0 -1 -1 -1 -1  0  0  0]
 [ 0 -1  0  0  0  0  0  0]]
['12011014', '1', '0', 4, 0, -1, [[0, -1, -1, 1, 0, 0, 0, 0], [-1, -1, 1, -1, 1, 0, 0, 1], [-1, 1, -1, -1, -1, -1, -1, -1], [-1, -1, 1, -1, -1, -1, -1, -1], [-1, -1, -1, -1, -1, -1, -1, -1], [0, -1, -1, -1, -1, 0, -1, 0], [0, -1, -1, -1, -1, 0, 0, 0], [0, -1, 0, 0, 0, 0, 0, 0]]]
Use Time: 1.3960459232330322, This step timeout is False
The candidate list of user is: [(0, 4), (0, 5), (0, 7), (1, 5), (4, 0), (4, 0)]
Chessboard output is: 
[[ 0 -1 -1  1  0  0  0  0]
 [-1 -1  1 -1  1  0  0  1]
 [-1  1 -1 -1 -1 -1 -1 -1]
 [-1 -1  1 -1 -1 -1 -1 -1]
 [-1 -1 -1 -1 -1 -1 -1 -1]
 [ 0 -1 -1 -1 -1  0 -1  0]
 [ 0 -1 -1 -1 -1  0  0  0]
 [ 0 -1  0  0  0  0  0  0]]
-----------------
Chessboard input is: 
[[ 0 -1 -1  1  0  0  0  0]
 [-1 -1  1 -1  1  0  0  1]
 [-1  1 -1 -1 -1 -1 -1 -1]
 [-1 -1  1 -1 -1 -1 -1 -1]
 [-1 -1 -1 -1 -1 -1 -1 -1]
 [ 0 -1 -1 -1 -1  0 -1  0]
 [ 0 -1 -1 -1 -1  0  0  0]
 [ 0 -1  0  0  0  0  0  0]]
['12011014', '1', '0', 7, 2, 1, [[0, -1, -1, 1, 0, 0, 0, 0], [-1, -1, 1, -1, 1, 0, 0, 1], [-1, 1, -1, -1, -1, -1, -1, -1], [-1, -1, 1, -1, -1, -1, -1, -1], [-1, -1, 1, -1, -1, -1, -1, -1], [0, -1, 1, -1, -1, 0, -1, 0], [0, -1, 1, -1, -1, 0, 0, 0], [0, -1, 1, 0, 0, 0, 0, 0]]]
Use Time: 1.116621732711792, This step timeout is False
The candidate list of user is: [(0, 0), (5, 0), (5, 7), (6, 5), (6, 7), (7, 2), (7, 3), (7, 4), (0, 0), (5, 0), (7, 2)]
Chessboard output is: 
[[ 0 -1 -1  1  0  0  0  0]
 [-1 -1  1 -1  1  0  0  1]
 [-1  1 -1 -1 -1 -1 -1 -1]
 [-1 -1  1 -1 -1 -1 -1 -1]
 [-1 -1  1 -1 -1 -1 -1 -1]
 [ 0 -1  1 -1 -1  0 -1  0]
 [ 0 -1  1 -1 -1  0  0  0]
 [ 0 -1  1  0  0  0  0  0]]
-----------------
Chessboard input is: 
[[ 0 -1 -1  1  0  0  0  0]
 [-1 -1  1 -1  1  0  0  1]
 [-1  1 -1 -1 -1 -1 -1 -1]
 [-1 -1  1 -1 -1 -1 -1 -1]
 [-1 -1  1 -1 -1 -1 -1 -1]
 [ 0 -1  1 -1 -1  0 -1  0]
 [ 0 -1  1 -1 -1  0  0  0]
 [ 0 -1  1  0  0  0  0  0]]
['12011014', '1', '0', 7, 3, -1, [[0, -1, -1, 1, 0, 0, 0, 0], [-1, -1, 1, -1, 1, 0, 0, 1], [-1, 1, -1, -1, -1, -1, -1, -1], [-1, -1, 1, -1, -1, -1, -1, -1], [-1, -1, 1, -1, -1, -1, -1, -1], [0, -1, 1, -1, -1, 0, -1, 0], [0, -1, -1, -1, -1, 0, 0, 0], [0, -1, -1, -1, 0, 0, 0, 0]]]
Use Time: 1.5083856582641602, This step timeout is False
The candidate list of user is: [(0, 4), (0, 5), (0, 7), (1, 5), (7, 3), (7, 3)]
Chessboard output is: 
[[ 0 -1 -1  1  0  0  0  0]
 [-1 -1  1 -1  1  0  0  1]
 [-1  1 -1 -1 -1 -1 -1 -1]
 [-1 -1  1 -1 -1 -1 -1 -1]
 [-1 -1  1 -1 -1 -1 -1 -1]
 [ 0 -1  1 -1 -1  0 -1  0]
 [ 0 -1 -1 -1 -1  0  0  0]
 [ 0 -1 -1 -1  0  0  0  0]]
-----------------
Chessboard input is: 
[[ 0 -1 -1  1  0  0  0  0]
 [-1 -1  1 -1  1  0  0  1]
 [-1  1 -1 -1 -1 -1 -1 -1]
 [-1 -1  1 -1 -1 -1 -1 -1]
 [-1 -1  1 -1 -1 -1 -1 -1]
 [ 0 -1  1 -1 -1  0 -1  0]
 [ 0 -1 -1 -1 -1  0  0  0]
 [ 0 -1 -1 -1  0  0  0  0]]
['12011014', '1', '0', 6, 0, 1, [[0, -1, -1, 1, 0, 0, 0, 0], [-1, -1, 1, -1, 1, 0, 0, 1], [-1, 1, -1, -1, -1, -1, -1, -1], [-1, -1, 1, -1, -1, -1, -1, -1], [-1, -1, 1, -1, -1, -1, -1, -1], [0, 1, 1, -1, -1, 0, -1, 0], [1, -1, -1, -1, -1, 0, 0, 0], [0, -1, -1, -1, 0, 0, 0, 0]]]
Use Time: 1.5340800285339355, This step timeout is False
The candidate list of user is: [(0, 0), (1, 5), (1, 6), (5, 0), (5, 5), (5, 7), (6, 0), (6, 5), (6, 7), (7, 0), (7, 4), (7, 5), (0, 0), (1, 5), (6, 0)]
Chessboard output is: 
[[ 0 -1 -1  1  0  0  0  0]
 [-1 -1  1 -1  1  0  0  1]
 [-1  1 -1 -1 -1 -1 -1 -1]
 [-1 -1  1 -1 -1 -1 -1 -1]
 [-1 -1  1 -1 -1 -1 -1 -1]
 [ 0  1  1 -1 -1  0 -1  0]
 [ 1 -1 -1 -1 -1  0  0  0]
 [ 0 -1 -1 -1  0  0  0  0]]
-----------------
Chessboard input is: 
[[ 0 -1 -1  1  0  0  0  0]
 [-1 -1  1 -1  1  0  0  1]
 [-1  1 -1 -1 -1 -1 -1 -1]
 [-1 -1  1 -1 -1 -1 -1 -1]
 [-1 -1  1 -1 -1 -1 -1 -1]
 [ 0  1  1 -1 -1  0 -1  0]
 [ 1 -1 -1 -1 -1  0  0  0]
 [ 0 -1 -1 -1  0  0  0  0]]
['12011014', '1', '0', 5, 0, -1, [[0, -1, -1, 1, 0, 0, 0, 0], [-1, -1, 1, -1, 1, 0, 0, 1], [-1, 1, -1, -1, -1, -1, -1, -1], [-1, -1, 1, -1, -1, -1, -1, -1], [-1, -1, 1, -1, -1, -1, -1, -1], [-1, -1, -1, -1, -1, 0, -1, 0], [1, -1, -1, -1, -1, 0, 0, 0], [0, -1, -1, -1, 0, 0, 0, 0]]]
Use Time: 0.6246027946472168, This step timeout is False
The candidate list of user is: [(0, 4), (0, 5), (0, 7), (1, 5), (5, 0), (5, 0)]
Chessboard output is: 
[[ 0 -1 -1  1  0  0  0  0]
 [-1 -1  1 -1  1  0  0  1]
 [-1  1 -1 -1 -1 -1 -1 -1]
 [-1 -1  1 -1 -1 -1 -1 -1]
 [-1 -1  1 -1 -1 -1 -1 -1]
 [-1 -1 -1 -1 -1  0 -1  0]
 [ 1 -1 -1 -1 -1  0  0  0]
 [ 0 -1 -1 -1  0  0  0  0]]
-----------------
Chessboard input is: 
[[ 0 -1 -1  1  0  0  0  0]
 [-1 -1  1 -1  1  0  0  1]
 [-1  1 -1 -1 -1 -1 -1 -1]
 [-1 -1  1 -1 -1 -1 -1 -1]
 [-1 -1  1 -1 -1 -1 -1 -1]
 [-1 -1 -1 -1 -1  0 -1  0]
 [ 1 -1 -1 -1 -1  0  0  0]
 [ 0 -1 -1 -1  0  0  0  0]]
['12011014', '1', '0', 1, 5, 1, [[0, -1, -1, 1, 0, 0, 0, 0], [-1, -1, 1, -1, 1, 1, 0, 1], [-1, 1, -1, -1, 1, -1, -1, -1], [-1, -1, 1, 1, -1, -1, -1, -1], [-1, -1, 1, -1, -1, -1, -1, -1], [-1, -1, -1, -1, -1, 0, -1, 0], [1, -1, -1, -1, -1, 0, 0, 0], [0, -1, -1, -1, 0, 0, 0, 0]]]
Use Time: 0.7216799259185791, This step timeout is False
The candidate list of user is: [(0, 0), (1, 5), (5, 7), (6, 5), (6, 7), (7, 4), (7, 5), (0, 0), (1, 5)]
Chessboard output is: 
[[ 0 -1 -1  1  0  0  0  0]
 [-1 -1  1 -1  1  1  0  1]
 [-1  1 -1 -1  1 -1 -1 -1]
 [-1 -1  1  1 -1 -1 -1 -1]
 [-1 -1  1 -1 -1 -1 -1 -1]
 [-1 -1 -1 -1 -1  0 -1  0]
 [ 1 -1 -1 -1 -1  0  0  0]
 [ 0 -1 -1 -1  0  0  0  0]]
-----------------
Chessboard input is: 
[[ 0 -1 -1  1  0  0  0  0]
 [-1 -1  1 -1  1  1  0  1]
 [-1  1 -1 -1  1 -1 -1 -1]
 [-1 -1  1  1 -1 -1 -1 -1]
 [-1 -1  1 -1 -1 -1 -1 -1]
 [-1 -1 -1 -1 -1  0 -1  0]
 [ 1 -1 -1 -1 -1  0  0  0]
 [ 0 -1 -1 -1  0  0  0  0]]
['12011014', '1', '0', 0, 6, -1, [[0, -1, -1, 1, 0, 0, -1, 0], [-1, -1, 1, -1, 1, -1, 0, 1], [-1, 1, -1, -1, -1, -1, -1, -1], [-1, -1, 1, -1, -1, -1, -1, -1], [-1, -1, -1, -1, -1, -1, -1, -1], [-1, -1, -1, -1, -1, 0, -1, 0], [1, -1, -1, -1, -1, 0, 0, 0], [0, -1, -1, -1, 0, 0, 0, 0]]]
Use Time: 0.48351120948791504, This step timeout is False
The candidate list of user is: [(0, 4), (0, 5), (0, 6), (0, 7), (1, 6), (7, 0), (0, 6)]
Chessboard output is: 
[[ 0 -1 -1  1  0  0 -1  0]
 [-1 -1  1 -1  1 -1  0  1]
 [-1  1 -1 -1 -1 -1 -1 -1]
 [-1 -1  1 -1 -1 -1 -1 -1]
 [-1 -1 -1 -1 -1 -1 -1 -1]
 [-1 -1 -1 -1 -1  0 -1  0]
 [ 1 -1 -1 -1 -1  0  0  0]
 [ 0 -1 -1 -1  0  0  0  0]]
-----------------
Chessboard input is: 
[[ 0 -1 -1  1  0  0 -1  0]
 [-1 -1  1 -1  1 -1  0  1]
 [-1  1 -1 -1 -1 -1 -1 -1]
 [-1 -1  1 -1 -1 -1 -1 -1]
 [-1 -1 -1 -1 -1 -1 -1 -1]
 [-1 -1 -1 -1 -1  0 -1  0]
 [ 1 -1 -1 -1 -1  0  0  0]
 [ 0 -1 -1 -1  0  0  0  0]]
['12011014', '1', '0', 1, 6, 1, [[0, -1, -1, 1, 0, 0, -1, 0], [-1, -1, 1, -1, 1, 1, 1, 1], [-1, 1, -1, -1, -1, -1, -1, -1], [-1, -1, 1, -1, -1, -1, -1, -1], [-1, -1, -1, -1, -1, -1, -1, -1], [-1, -1, -1, -1, -1, 0, -1, 0], [1, -1, -1, -1, -1, 0, 0, 0], [0, -1, -1, -1, 0, 0, 0, 0]]]
Use Time: 0.35399937629699707, This step timeout is False
The candidate list of user is: [(0, 0), (1, 6), (5, 7), (6, 5), (6, 7), (7, 4), (0, 0), (1, 6)]
Chessboard output is: 
[[ 0 -1 -1  1  0  0 -1  0]
 [-1 -1  1 -1  1  1  1  1]
 [-1  1 -1 -1 -1 -1 -1 -1]
 [-1 -1  1 -1 -1 -1 -1 -1]
 [-1 -1 -1 -1 -1 -1 -1 -1]
 [-1 -1 -1 -1 -1  0 -1  0]
 [ 1 -1 -1 -1 -1  0  0  0]
 [ 0 -1 -1 -1  0  0  0  0]]
-----------------
Chessboard input is: 
[[ 0 -1 -1  1  0  0 -1  0]
 [-1 -1  1 -1  1  1  1  1]
 [-1  1 -1 -1 -1 -1 -1 -1]
 [-1 -1  1 -1 -1 -1 -1 -1]
 [-1 -1 -1 -1 -1 -1 -1 -1]
 [-1 -1 -1 -1 -1  0 -1  0]
 [ 1 -1 -1 -1 -1  0  0  0]
 [ 0 -1 -1 -1  0  0  0  0]]
['12011014', '1', '0', 0, 5, -1, [[0, -1, -1, 1, 0, -1, -1, 0], [-1, -1, 1, -1, -1, -1, -1, 1], [-1, 1, -1, -1, -1, -1, -1, -1], [-1, -1, 1, -1, -1, -1, -1, -1], [-1, -1, -1, -1, -1, -1, -1, -1], [-1, -1, -1, -1, -1, 0, -1, 0], [1, -1, -1, -1, -1, 0, 0, 0], [0, -1, -1, -1, 0, 0, 0, 0]]]
Use Time: 0.05337262153625488, This step timeout is False
The candidate list of user is: [(0, 4), (0, 5), (0, 7), (7, 0), (0, 5)]
Chessboard output is: 
[[ 0 -1 -1  1  0 -1 -1  0]
 [-1 -1  1 -1 -1 -1 -1  1]
 [-1  1 -1 -1 -1 -1 -1 -1]
 [-1 -1  1 -1 -1 -1 -1 -1]
 [-1 -1 -1 -1 -1 -1 -1 -1]
 [-1 -1 -1 -1 -1  0 -1  0]
 [ 1 -1 -1 -1 -1  0  0  0]
 [ 0 -1 -1 -1  0  0  0  0]]
-----------------
Chessboard input is: 
[[ 0 -1 -1  1  0 -1 -1  0]
 [-1 -1  1 -1 -1 -1 -1  1]
 [-1  1 -1 -1 -1 -1 -1 -1]
 [-1 -1  1 -1 -1 -1 -1 -1]
 [-1 -1 -1 -1 -1 -1 -1 -1]
 [-1 -1 -1 -1 -1  0 -1  0]
 [ 1 -1 -1 -1 -1  0  0  0]
 [ 0 -1 -1 -1  0  0  0  0]]
['12011014', '1', '0', 6, 7, 1, [[0, -1, -1, 1, 0, -1, -1, 0], [-1, -1, 1, -1, -1, -1, -1, 1], [-1, 1, -1, 1, -1, -1, -1, -1], [-1, -1, 1, -1, 1, -1, -1, -1], [-1, -1, -1, -1, -1, 1, -1, -1], [-1, -1, -1, -1, -1, 0, 1, 0], [1, -1, -1, -1, -1, 0, 0, 1], [0, -1, -1, -1, 0, 0, 0, 0]]]
Use Time: 0.16888022422790527, This step timeout is False
The candidate list of user is: [(0, 0), (5, 7), (6, 5), (6, 7), (0, 0), (5, 7), (6, 5), (6, 7)]
Chessboard output is: 
[[ 0 -1 -1  1  0 -1 -1  0]
 [-1 -1  1 -1 -1 -1 -1  1]
 [-1  1 -1  1 -1 -1 -1 -1]
 [-1 -1  1 -1  1 -1 -1 -1]
 [-1 -1 -1 -1 -1  1 -1 -1]
 [-1 -1 -1 -1 -1  0  1  0]
 [ 1 -1 -1 -1 -1  0  0  1]
 [ 0 -1 -1 -1  0  0  0  0]]
-----------------
Chessboard input is: 
[[ 0 -1 -1  1  0 -1 -1  0]
 [-1 -1  1 -1 -1 -1 -1  1]
 [-1  1 -1  1 -1 -1 -1 -1]
 [-1 -1  1 -1  1 -1 -1 -1]
 [-1 -1 -1 -1 -1  1 -1 -1]
 [-1 -1 -1 -1 -1  0  1  0]
 [ 1 -1 -1 -1 -1  0  0  1]
 [ 0 -1 -1 -1  0  0  0  0]]
['12011014', '1', '0', 0, 4, -1, [[0, -1, -1, -1, -1, -1, -1, 0], [-1, -1, 1, -1, -1, -1, -1, 1], [-1, 1, -1, 1, -1, -1, -1, -1], [-1, -1, 1, -1, 1, -1, -1, -1], [-1, -1, -1, -1, -1, 1, -1, -1], [-1, -1, -1, -1, -1, 0, 1, 0], [1, -1, -1, -1, -1, 0, 0, 1], [0, -1, -1, -1, 0, 0, 0, 0]]]
Use Time: 0.10357666015625, This step timeout is False
The candidate list of user is: [(0, 4), (0, 7), (5, 5), (6, 5), (6, 6), (7, 0), (0, 4)]
Chessboard output is: 
[[ 0 -1 -1 -1 -1 -1 -1  0]
 [-1 -1  1 -1 -1 -1 -1  1]
 [-1  1 -1  1 -1 -1 -1 -1]
 [-1 -1  1 -1  1 -1 -1 -1]
 [-1 -1 -1 -1 -1  1 -1 -1]
 [-1 -1 -1 -1 -1  0  1  0]
 [ 1 -1 -1 -1 -1  0  0  1]
 [ 0 -1 -1 -1  0  0  0  0]]
-----------------
Chessboard input is: 
[[ 0 -1 -1 -1 -1 -1 -1  0]
 [-1 -1  1 -1 -1 -1 -1  1]
 [-1  1 -1  1 -1 -1 -1 -1]
 [-1 -1  1 -1  1 -1 -1 -1]
 [-1 -1 -1 -1 -1  1 -1 -1]
 [-1 -1 -1 -1 -1  0  1  0]
 [ 1 -1 -1 -1 -1  0  0  1]
 [ 0 -1 -1 -1  0  0  0  0]]
['12011014', '1', '0', 7, 4, 1, [[0, -1, -1, -1, -1, -1, -1, 0], [-1, -1, 1, -1, -1, -1, -1, 1], [-1, 1, -1, 1, -1, -1, -1, -1], [-1, -1, 1, -1, 1, -1, -1, -1], [-1, -1, -1, -1, 1, 1, -1, -1], [-1, -1, -1, -1, 1, 0, 1, 0], [1, -1, -1, -1, 1, 0, 0, 1], [0, -1, -1, -1, 1, 0, 0, 0]]]
Use Time: 0.22888636589050293, This step timeout is False
The candidate list of user is: [(0, 0), (0, 7), (5, 7), (6, 5), (7, 0), (7, 4), (0, 0), (0, 7), (5, 7), (7, 4)]
Chessboard output is: 
[[ 0 -1 -1 -1 -1 -1 -1  0]
 [-1 -1  1 -1 -1 -1 -1  1]
 [-1  1 -1  1 -1 -1 -1 -1]
 [-1 -1  1 -1  1 -1 -1 -1]
 [-1 -1 -1 -1  1  1 -1 -1]
 [-1 -1 -1 -1  1  0  1  0]
 [ 1 -1 -1 -1  1  0  0  1]
 [ 0 -1 -1 -1  1  0  0  0]]
-----------------
Chessboard input is: 
[[ 0 -1 -1 -1 -1 -1 -1  0]
 [-1 -1  1 -1 -1 -1 -1  1]
 [-1  1 -1  1 -1 -1 -1 -1]
 [-1 -1  1 -1  1 -1 -1 -1]
 [-1 -1 -1 -1  1  1 -1 -1]
 [-1 -1 -1 -1  1  0  1  0]
 [ 1 -1 -1 -1  1  0  0  1]
 [ 0 -1 -1 -1  1  0  0  0]]
['12011014', '1', '0', 0, 7, -1, [[0, -1, -1, -1, -1, -1, -1, -1], [-1, -1, 1, -1, -1, -1, -1, -1], [-1, 1, -1, 1, -1, -1, -1, -1], [-1, -1, 1, -1, 1, -1, -1, -1], [-1, -1, -1, -1, 1, 1, -1, -1], [-1, -1, -1, -1, 1, 0, 1, 0], [1, -1, -1, -1, 1, 0, 0, 1], [0, -1, -1, -1, 1, 0, 0, 0]]]
Use Time: 0.07176899909973145, This step timeout is False
The candidate list of user is: [(0, 7), (5, 5), (6, 5), (6, 6), (7, 0), (7, 5), (0, 7)]
Chessboard output is: 
[[ 0 -1 -1 -1 -1 -1 -1 -1]
 [-1 -1  1 -1 -1 -1 -1 -1]
 [-1  1 -1  1 -1 -1 -1 -1]
 [-1 -1  1 -1  1 -1 -1 -1]
 [-1 -1 -1 -1  1  1 -1 -1]
 [-1 -1 -1 -1  1  0  1  0]
 [ 1 -1 -1 -1  1  0  0  1]
 [ 0 -1 -1 -1  1  0  0  0]]
-----------------
Chessboard input is: 
[[ 0 -1 -1 -1 -1 -1 -1 -1]
 [-1 -1  1 -1 -1 -1 -1 -1]
 [-1  1 -1  1 -1 -1 -1 -1]
 [-1 -1  1 -1  1 -1 -1 -1]
 [-1 -1 -1 -1  1  1 -1 -1]
 [-1 -1 -1 -1  1  0  1  0]
 [ 1 -1 -1 -1  1  0  0  1]
 [ 0 -1 -1 -1  1  0  0  0]]
['12011014', '1', '0', 7, 0, 1, [[0, -1, -1, -1, -1, -1, -1, -1], [-1, -1, 1, -1, -1, -1, -1, -1], [-1, 1, -1, 1, -1, -1, -1, -1], [-1, -1, 1, -1, 1, -1, -1, -1], [-1, -1, -1, 1, 1, 1, -1, -1], [-1, -1, 1, -1, 1, 0, 1, 0], [1, 1, -1, -1, 1, 0, 0, 1], [1, 1, 1, 1, 1, 0, 0, 0]]]
Use Time: 0.03289318084716797, This step timeout is False
The candidate list of user is: [(0, 0), (7, 0), (0, 0), (7, 0)]
Chessboard output is: 
[[ 0 -1 -1 -1 -1 -1 -1 -1]
 [-1 -1  1 -1 -1 -1 -1 -1]
 [-1  1 -1  1 -1 -1 -1 -1]
 [-1 -1  1 -1  1 -1 -1 -1]
 [-1 -1 -1  1  1  1 -1 -1]
 [-1 -1  1 -1  1  0  1  0]
 [ 1  1 -1 -1  1  0  0  1]
 [ 1  1  1  1  1  0  0  0]]
-----------------
Chessboard input is: 
[[ 0 -1 -1 -1 -1 -1 -1 -1]
 [-1 -1  1 -1 -1 -1 -1 -1]
 [-1  1 -1  1 -1 -1 -1 -1]
 [-1 -1  1 -1  1 -1 -1 -1]
 [-1 -1 -1  1  1  1 -1 -1]
 [-1 -1  1 -1  1  0  1  0]
 [ 1  1 -1 -1  1  0  0  1]
 [ 1  1  1  1  1  0  0  0]]
['12011014', '1', '0', 5, 5, -1, [[0, -1, -1, -1, -1, -1, -1, -1], [-1, -1, 1, -1, -1, -1, -1, -1], [-1, 1, -1, 1, -1, -1, -1, -1], [-1, -1, 1, -1, 1, -1, -1, -1], [-1, -1, -1, 1, -1, -1, -1, -1], [-1, -1, 1, -1, -1, -1, 1, 0], [1, 1, -1, -1, 1, 0, 0, 1], [1, 1, 1, 1, 1, 0, 0, 0]]]
Use Time: 0.011240720748901367, This step timeout is False
The candidate list of user is: [(5, 5), (6, 5), (6, 6), (7, 5), (5, 5)]
Chessboard output is: 
[[ 0 -1 -1 -1 -1 -1 -1 -1]
 [-1 -1  1 -1 -1 -1 -1 -1]
 [-1  1 -1  1 -1 -1 -1 -1]
 [-1 -1  1 -1  1 -1 -1 -1]
 [-1 -1 -1  1 -1 -1 -1 -1]
 [-1 -1  1 -1 -1 -1  1  0]
 [ 1  1 -1 -1  1  0  0  1]
 [ 1  1  1  1  1  0  0  0]]
-----------------
Chessboard input is: 
[[ 0 -1 -1 -1 -1 -1 -1 -1]
 [-1 -1  1 -1 -1 -1 -1 -1]
 [-1  1 -1  1 -1 -1 -1 -1]
 [-1 -1  1 -1  1 -1 -1 -1]
 [-1 -1 -1  1 -1 -1 -1 -1]
 [-1 -1  1 -1 -1 -1  1  0]
 [ 1  1 -1 -1  1  0  0  1]
 [ 1  1  1  1  1  0  0  0]]
['12011014', '1', '0', 6, 5, 1, [[0, -1, -1, -1, -1, -1, -1, -1], [-1, -1, 1, -1, -1, -1, -1, -1], [-1, 1, -1, 1, -1, -1, -1, -1], [-1, -1, 1, -1, 1, -1, -1, -1], [-1, -1, -1, 1, -1, -1, -1, -1], [-1, -1, 1, -1, 1, -1, 1, 0], [1, 1, -1, -1, 1, 1, 0, 1], [1, 1, 1, 1, 1, 0, 0, 0]]]
Use Time: 0.04543352127075195, This step timeout is False
The candidate list of user is: [(0, 0), (6, 5), (0, 0), (6, 5)]
Chessboard output is: 
[[ 0 -1 -1 -1 -1 -1 -1 -1]
 [-1 -1  1 -1 -1 -1 -1 -1]
 [-1  1 -1  1 -1 -1 -1 -1]
 [-1 -1  1 -1  1 -1 -1 -1]
 [-1 -1 -1  1 -1 -1 -1 -1]
 [-1 -1  1 -1  1 -1  1  0]
 [ 1  1 -1 -1  1  1  0  1]
 [ 1  1  1  1  1  0  0  0]]
-----------------
Chessboard input is: 
[[ 0 -1 -1 -1 -1 -1 -1 -1]
 [-1 -1  1 -1 -1 -1 -1 -1]
 [-1  1 -1  1 -1 -1 -1 -1]
 [-1 -1  1 -1  1 -1 -1 -1]
 [-1 -1 -1  1 -1 -1 -1 -1]
 [-1 -1  1 -1  1 -1  1  0]
 [ 1  1 -1 -1  1  1  0  1]
 [ 1  1  1  1  1  0  0  0]]
['12011014', '1', '0', 5, 7, -1, [[0, -1, -1, -1, -1, -1, -1, -1], [-1, -1, 1, -1, -1, -1, -1, -1], [-1, 1, -1, 1, -1, -1, -1, -1], [-1, -1, 1, -1, 1, -1, -1, -1], [-1, -1, -1, 1, -1, -1, -1, -1], [-1, -1, 1, -1, 1, -1, -1, -1], [1, 1, -1, -1, 1, 1, 0, 1], [1, 1, 1, 1, 1, 0, 0, 0]]]
Use Time: 0.003191232681274414, This step timeout is False
The candidate list of user is: [(5, 7), (6, 6), (7, 5), (7, 6), (5, 7)]
Chessboard output is: 
[[ 0 -1 -1 -1 -1 -1 -1 -1]
 [-1 -1  1 -1 -1 -1 -1 -1]
 [-1  1 -1  1 -1 -1 -1 -1]
 [-1 -1  1 -1  1 -1 -1 -1]
 [-1 -1 -1  1 -1 -1 -1 -1]
 [-1 -1  1 -1  1 -1 -1 -1]
 [ 1  1 -1 -1  1  1  0  1]
 [ 1  1  1  1  1  0  0  0]]
-----------------
Chessboard input is: 
[[ 0 -1 -1 -1 -1 -1 -1 -1]
 [-1 -1  1 -1 -1 -1 -1 -1]
 [-1  1 -1  1 -1 -1 -1 -1]
 [-1 -1  1 -1  1 -1 -1 -1]
 [-1 -1 -1  1 -1 -1 -1 -1]
 [-1 -1  1 -1  1 -1 -1 -1]
 [ 1  1 -1 -1  1  1  0  1]
 [ 1  1  1  1  1  0  0  0]]
['12011014', '1', '0', 0, 0, 1, [[1, -1, -1, -1, -1, -1, -1, -1], [1, -1, 1, -1, -1, -1, -1, -1], [1, 1, -1, 1, -1, -1, -1, -1], [1, -1, 1, -1, 1, -1, -1, -1], [1, -1, -1, 1, -1, -1, -1, -1], [1, -1, 1, -1, 1, -1, -1, -1], [1, 1, -1, -1, 1, 1, 0, 1], [1, 1, 1, 1, 1, 0, 0, 0]]]
Use Time: 0.007654666900634766, This step timeout is False
The candidate list of user is: [(0, 0), (0, 0)]
Chessboard output is: 
[[ 1 -1 -1 -1 -1 -1 -1 -1]
 [ 1 -1  1 -1 -1 -1 -1 -1]
 [ 1  1 -1  1 -1 -1 -1 -1]
 [ 1 -1  1 -1  1 -1 -1 -1]
 [ 1 -1 -1  1 -1 -1 -1 -1]
 [ 1 -1  1 -1  1 -1 -1 -1]
 [ 1  1 -1 -1  1  1  0  1]
 [ 1  1  1  1  1  0  0  0]]
-----------------
Chessboard input is: 
[[ 1 -1 -1 -1 -1 -1 -1 -1]
 [ 1 -1  1 -1 -1 -1 -1 -1]
 [ 1  1 -1  1 -1 -1 -1 -1]
 [ 1 -1  1 -1  1 -1 -1 -1]
 [ 1 -1 -1  1 -1 -1 -1 -1]
 [ 1 -1  1 -1  1 -1 -1 -1]
 [ 1  1 -1 -1  1  1  0  1]
 [ 1  1  1  1  1  0  0  0]]
['12011014', '1', '0', 7, 5, -1, [[1, -1, -1, -1, -1, -1, -1, -1], [1, -1, 1, -1, -1, -1, -1, -1], [1, 1, -1, 1, -1, -1, -1, -1], [1, -1, 1, -1, 1, -1, -1, -1], [1, -1, -1, 1, -1, -1, -1, -1], [1, -1, 1, -1, 1, -1, -1, -1], [1, 1, -1, -1, -1, -1, 0, 1], [1, 1, 1, 1, 1, -1, 0, 0]]]
Use Time: 0.0011985301971435547, This step timeout is False
The candidate list of user is: [(6, 6), (7, 5), (7, 7), (7, 5)]
Chessboard output is: 
[[ 1 -1 -1 -1 -1 -1 -1 -1]
 [ 1 -1  1 -1 -1 -1 -1 -1]
 [ 1  1 -1  1 -1 -1 -1 -1]
 [ 1 -1  1 -1  1 -1 -1 -1]
 [ 1 -1 -1  1 -1 -1 -1 -1]
 [ 1 -1  1 -1  1 -1 -1 -1]
 [ 1  1 -1 -1 -1 -1  0  1]
 [ 1  1  1  1  1 -1  0  0]]
-----------------
Chessboard input is: 
[[ 1 -1 -1 -1 -1 -1 -1 -1]
 [ 1 -1  1 -1 -1 -1 -1 -1]
 [ 1  1 -1  1 -1 -1 -1 -1]
 [ 1 -1  1 -1  1 -1 -1 -1]
 [ 1 -1 -1  1 -1 -1 -1 -1]
 [ 1 -1  1 -1  1 -1 -1 -1]
 [ 1  1 -1 -1 -1 -1  0  1]
 [ 1  1  1  1  1 -1  0  0]]
['12011014', '1', '0', 7, 6, 1, [[1, -1, -1, -1, -1, -1, -1, -1], [1, -1, 1, -1, -1, -1, -1, -1], [1, 1, -1, 1, -1, -1, -1, -1], [1, -1, 1, -1, 1, -1, -1, -1], [1, -1, -1, 1, -1, -1, -1, -1], [1, -1, 1, -1, 1, -1, -1, -1], [1, 1, -1, -1, -1, 1, 0, 1], [1, 1, 1, 1, 1, 1, 1, 0]]]
Use Time: 0.0037581920623779297, This step timeout is False
The candidate list of user is: [(6, 6), (7, 6), (6, 6), (7, 6)]
Chessboard output is: 
[[ 1 -1 -1 -1 -1 -1 -1 -1]
 [ 1 -1  1 -1 -1 -1 -1 -1]
 [ 1  1 -1  1 -1 -1 -1 -1]
 [ 1 -1  1 -1  1 -1 -1 -1]
 [ 1 -1 -1  1 -1 -1 -1 -1]
 [ 1 -1  1 -1  1 -1 -1 -1]
 [ 1  1 -1 -1 -1  1  0  1]
 [ 1  1  1  1  1  1  1  0]]
-----------------
Chessboard input is: 
[[ 1 -1 -1 -1 -1 -1 -1 -1]
 [ 1 -1  1 -1 -1 -1 -1 -1]
 [ 1  1 -1  1 -1 -1 -1 -1]
 [ 1 -1  1 -1  1 -1 -1 -1]
 [ 1 -1 -1  1 -1 -1 -1 -1]
 [ 1 -1  1 -1  1 -1 -1 -1]
 [ 1  1 -1 -1 -1  1  0  1]
 [ 1  1  1  1  1  1  1  0]]
['12011014', '1', '0', 6, 6, -1, [[1, -1, -1, -1, -1, -1, -1, -1], [1, -1, 1, -1, -1, -1, -1, -1], [1, 1, -1, 1, -1, -1, -1, -1], [1, -1, 1, -1, 1, -1, -1, -1], [1, -1, -1, 1, -1, -1, -1, -1], [1, -1, 1, -1, 1, -1, -1, -1], [1, 1, -1, -1, -1, -1, -1, 1], [1, 1, 1, 1, 1, 1, 1, 0]]]
Use Time: 0.0005974769592285156, This step timeout is False
The candidate list of user is: [(6, 6), (7, 7), (6, 6)]
Chessboard output is: 
[[ 1 -1 -1 -1 -1 -1 -1 -1]
 [ 1 -1  1 -1 -1 -1 -1 -1]
 [ 1  1 -1  1 -1 -1 -1 -1]
 [ 1 -1  1 -1  1 -1 -1 -1]
 [ 1 -1 -1  1 -1 -1 -1 -1]
 [ 1 -1  1 -1  1 -1 -1 -1]
 [ 1  1 -1 -1 -1 -1 -1  1]
 [ 1  1  1  1  1  1  1  0]]
-----------------
Chessboard input is: 
[[ 1 -1 -1 -1 -1 -1 -1 -1]
 [ 1 -1  1 -1 -1 -1 -1 -1]
 [ 1  1 -1  1 -1 -1 -1 -1]
 [ 1 -1  1 -1  1 -1 -1 -1]
 [ 1 -1 -1  1 -1 -1 -1 -1]
 [ 1 -1  1 -1  1 -1 -1 -1]
 [ 1  1 -1 -1 -1 -1 -1  1]
 [ 1  1  1  1  1  1  1  0]]
['12011014', '1', '0', 7, 7, 1, [[1, -1, -1, -1, -1, -1, -1, -1], [1, 1, 1, -1, -1, -1, -1, -1], [1, 1, 1, 1, -1, -1, -1, -1], [1, -1, 1, 1, 1, -1, -1, -1], [1, -1, -1, 1, 1, -1, -1, -1], [1, -1, 1, -1, 1, 1, -1, -1], [1, 1, -1, -1, -1, -1, 1, 1], [1, 1, 1, 1, 1, 1, 1, 1]]]
Use Time: 0.0013418197631835938, This step timeout is False
The candidate list of user is: [(7, 7), (7, 7)]
Chessboard output is: 
[[ 1 -1 -1 -1 -1 -1 -1 -1]
 [ 1  1  1 -1 -1 -1 -1 -1]
 [ 1  1  1  1 -1 -1 -1 -1]
 [ 1 -1  1  1  1 -1 -1 -1]
 [ 1 -1 -1  1  1 -1 -1 -1]
 [ 1 -1  1 -1  1  1 -1 -1]
 [ 1  1 -1 -1 -1 -1  1  1]
 [ 1  1  1  1  1  1  1  1]]
-----------------
Winner is 1