Black is 12011439, white is 12011014
white in: /data.12011014
black in: /data.12011439
Chessboard input is: 
[[ 0  0  0  0  0  0  0  0]
 [ 0  0  0  0  0  0  0  0]
 [ 0  0  0  0  0  0  0  0]
 [ 0  0  0  1 -1  0  0  0]
 [ 0  0  0 -1  1  0  0  0]
 [ 0  0  0  0  0  0  0  0]
 [ 0  0  0  0  0  0  0  0]
 [ 0  0  0  0  0  0  0  0]]
['12011014', '-1', '0', 4, 5, -1, [[0, 0, 0, 0, 0, 0, 0, 0], [0, 0, 0, 0, 0, 0, 0, 0], [0, 0, 0, 0, 0, 0, 0, 0], [0, 0, 0, 1, -1, 0, 0, 0], [0, 0, 0, -1, -1, -1, 0, 0], [0, 0, 0, 0, 0, 0, 0, 0], [0, 0, 0, 0, 0, 0, 0, 0], [0, 0, 0, 0, 0, 0, 0, 0]]]
Use Time: 1.4456744194030762, This step timeout is False
The candidate list of user is: [(2, 3), (3, 2), (4, 5), (5, 4), (4, 5), (4, 5)]
Chessboard output is: 
[[ 0  0  0  0  0  0  0  0]
 [ 0  0  0  0  0  0  0  0]
 [ 0  0  0  0  0  0  0  0]
 [ 0  0  0  1 -1  0  0  0]
 [ 0  0  0 -1 -1 -1  0  0]
 [ 0  0  0  0  0  0  0  0]
 [ 0  0  0  0  0  0  0  0]
 [ 0  0  0  0  0  0  0  0]]
-----------------
Chessboard input is: 
[[ 0  0  0  0  0  0  0  0]
 [ 0  0  0  0  0  0  0  0]
 [ 0  0  0  0  0  0  0  0]
 [ 0  0  0  1 -1  0  0  0]
 [ 0  0  0 -1 -1 -1  0  0]
 [ 0  0  0  0  0  0  0  0]
 [ 0  0  0  0  0  0  0  0]
 [ 0  0  0  0  0  0  0  0]]
['12011014', '-1', '0', 5, 3, 1, [[0, 0, 0, 0, 0, 0, 0, 0], [0, 0, 0, 0, 0, 0, 0, 0], [0, 0, 0, 0, 0, 0, 0, 0], [0, 0, 0, 1, -1, 0, 0, 0], [0, 0, 0, 1, -1, -1, 0, 0], [0, 0, 0, 1, 0, 0, 0, 0], [0, 0, 0, 0, 0, 0, 0, 0], [0, 0, 0, 0, 0, 0, 0, 0]]]
Use Time: 3.3233449459075928, This step timeout is False
The candidate list of user is: [(3, 5), (5, 3), (5, 5), (5, 3)]
Chessboard output is: 
[[ 0  0  0  0  0  0  0  0]
 [ 0  0  0  0  0  0  0  0]
 [ 0  0  0  0  0  0  0  0]
 [ 0  0  0  1 -1  0  0  0]
 [ 0  0  0  1 -1 -1  0  0]
 [ 0  0  0  1  0  0  0  0]
 [ 0  0  0  0  0  0  0  0]
 [ 0  0  0  0  0  0  0  0]]
-----------------
Chessboard input is: 
[[ 0  0  0  0  0  0  0  0]
 [ 0  0  0  0  0  0  0  0]
 [ 0  0  0  0  0  0  0  0]
 [ 0  0  0  1 -1  0  0  0]
 [ 0  0  0  1 -1 -1  0  0]
 [ 0  0  0  1  0  0  0  0]
 [ 0  0  0  0  0  0  0  0]
 [ 0  0  0  0  0  0  0  0]]
['12011014', '-1', '0', 3, 2, -1, [[0, 0, 0, 0, 0, 0, 0, 0], [0, 0, 0, 0, 0, 0, 0, 0], [0, 0, 0, 0, 0, 0, 0, 0], [0, 0, -1, -1, -1, 0, 0, 0], [0, 0, 0, 1, -1, -1, 0, 0], [0, 0, 0, 1, 0, 0, 0, 0], [0, 0, 0, 0, 0, 0, 0, 0], [0, 0, 0, 0, 0, 0, 0, 0]]]
Use Time: 2.627934694290161, This step timeout is False
The candidate list of user is: [(2, 2), (3, 2), (4, 2), (5, 2), (6, 2), (4, 2), (3, 2)]
Chessboard output is: 
[[ 0  0  0  0  0  0  0  0]
 [ 0  0  0  0  0  0  0  0]
 [ 0  0  0  0  0  0  0  0]
 [ 0  0 -1 -1 -1  0  0  0]
 [ 0  0  0  1 -1 -1  0  0]
 [ 0  0  0  1  0  0  0  0]
 [ 0  0  0  0  0  0  0  0]
 [ 0  0  0  0  0  0  0  0]]
-----------------
Chessboard input is: 
[[ 0  0  0  0  0  0  0  0]
 [ 0  0  0  0  0  0  0  0]
 [ 0  0  0  0  0  0  0  0]
 [ 0  0 -1 -1 -1  0  0  0]
 [ 0  0  0  1 -1 -1  0  0]
 [ 0  0  0  1  0  0  0  0]
 [ 0  0  0  0  0  0  0  0]
 [ 0  0  0  0  0  0  0  0]]
['12011014', '-1', '0', 3, 5, 1, [[0, 0, 0, 0, 0, 0, 0, 0], [0, 0, 0, 0, 0, 0, 0, 0], [0, 0, 0, 0, 0, 0, 0, 0], [0, 0, -1, -1, -1, 1, 0, 0], [0, 0, 0, 1, 1, -1, 0, 0], [0, 0, 0, 1, 0, 0, 0, 0], [0, 0, 0, 0, 0, 0, 0, 0], [0, 0, 0, 0, 0, 0, 0, 0]]]
Use Time: 1.120457410812378, This step timeout is False
The candidate list of user is: [(2, 1), (2, 3), (2, 5), (3, 5), (4, 6), (3, 5)]
Chessboard output is: 
[[ 0  0  0  0  0  0  0  0]
 [ 0  0  0  0  0  0  0  0]
 [ 0  0  0  0  0  0  0  0]
 [ 0  0 -1 -1 -1  1  0  0]
 [ 0  0  0  1  1 -1  0  0]
 [ 0  0  0  1  0  0  0  0]
 [ 0  0  0  0  0  0  0  0]
 [ 0  0  0  0  0  0  0  0]]
-----------------
Chessboard input is: 
[[ 0  0  0  0  0  0  0  0]
 [ 0  0  0  0  0  0  0  0]
 [ 0  0  0  0  0  0  0  0]
 [ 0  0 -1 -1 -1  1  0  0]
 [ 0  0  0  1  1 -1  0  0]
 [ 0  0  0  1  0  0  0  0]
 [ 0  0  0  0  0  0  0  0]
 [ 0  0  0  0  0  0  0  0]]
['12011014', '-1', '0', 5, 4, -1, [[0, 0, 0, 0, 0, 0, 0, 0], [0, 0, 0, 0, 0, 0, 0, 0], [0, 0, 0, 0, 0, 0, 0, 0], [0, 0, -1, -1, -1, 1, 0, 0], [0, 0, 0, -1, -1, -1, 0, 0], [0, 0, 0, 1, -1, 0, 0, 0], [0, 0, 0, 0, 0, 0, 0, 0], [0, 0, 0, 0, 0, 0, 0, 0]]]
Use Time: 4.701662540435791, This step timeout is False
The candidate list of user is: [(2, 5), (3, 6), (4, 2), (5, 2), (5, 4), (5, 4), (5, 5), (6, 3), (5, 5), (5, 4)]
Chessboard output is: 
[[ 0  0  0  0  0  0  0  0]
 [ 0  0  0  0  0  0  0  0]
 [ 0  0  0  0  0  0  0  0]
 [ 0  0 -1 -1 -1  1  0  0]
 [ 0  0  0 -1 -1 -1  0  0]
 [ 0  0  0  1 -1  0  0  0]
 [ 0  0  0  0  0  0  0  0]
 [ 0  0  0  0  0  0  0  0]]
-----------------
Chessboard input is: 
[[ 0  0  0  0  0  0  0  0]
 [ 0  0  0  0  0  0  0  0]
 [ 0  0  0  0  0  0  0  0]
 [ 0  0 -1 -1 -1  1  0  0]
 [ 0  0  0 -1 -1 -1  0  0]
 [ 0  0  0  1 -1  0  0  0]
 [ 0  0  0  0  0  0  0  0]
 [ 0  0  0  0  0  0  0  0]]
['12011014', '-1', '0', 2, 3, 1, [[0, 0, 0, 0, 0, 0, 0, 0], [0, 0, 0, 0, 0, 0, 0, 0], [0, 0, 0, 1, 0, 0, 0, 0], [0, 0, -1, 1, -1, 1, 0, 0], [0, 0, 0, 1, -1, -1, 0, 0], [0, 0, 0, 1, -1, 0, 0, 0], [0, 0, 0, 0, 0, 0, 0, 0], [0, 0, 0, 0, 0, 0, 0, 0]]]
Use Time: 1.6965885162353516, This step timeout is False
The candidate list of user is: [(2, 3), (3, 1), (5, 5), (2, 3)]
Chessboard output is: 
[[ 0  0  0  0  0  0  0  0]
 [ 0  0  0  0  0  0  0  0]
 [ 0  0  0  1  0  0  0  0]
 [ 0  0 -1  1 -1  1  0  0]
 [ 0  0  0  1 -1 -1  0  0]
 [ 0  0  0  1 -1  0  0  0]
 [ 0  0  0  0  0  0  0  0]
 [ 0  0  0  0  0  0  0  0]]
-----------------
Chessboard input is: 
[[ 0  0  0  0  0  0  0  0]
 [ 0  0  0  0  0  0  0  0]
 [ 0  0  0  1  0  0  0  0]
 [ 0  0 -1  1 -1  1  0  0]
 [ 0  0  0  1 -1 -1  0  0]
 [ 0  0  0  1 -1  0  0  0]
 [ 0  0  0  0  0  0  0  0]
 [ 0  0  0  0  0  0  0  0]]
['12011014', '-1', '0', 4, 2, -1, [[0, 0, 0, 0, 0, 0, 0, 0], [0, 0, 0, 0, 0, 0, 0, 0], [0, 0, 0, 1, 0, 0, 0, 0], [0, 0, -1, 1, -1, 1, 0, 0], [0, 0, -1, -1, -1, -1, 0, 0], [0, 0, 0, 1, -1, 0, 0, 0], [0, 0, 0, 0, 0, 0, 0, 0], [0, 0, 0, 0, 0, 0, 0, 0]]]
Use Time: 4.701719045639038, This step timeout is False
The candidate list of user is: [(1, 2), (1, 4), (2, 2), (2, 5), (2, 6), (3, 6), (4, 2), (5, 2), (5, 2), (6, 2), (4, 2), (4, 2)]
Chessboard output is: 
[[ 0  0  0  0  0  0  0  0]
 [ 0  0  0  0  0  0  0  0]
 [ 0  0  0  1  0  0  0  0]
 [ 0  0 -1  1 -1  1  0  0]
 [ 0  0 -1 -1 -1 -1  0  0]
 [ 0  0  0  1 -1  0  0  0]
 [ 0  0  0  0  0  0  0  0]
 [ 0  0  0  0  0  0  0  0]]
-----------------
Chessboard input is: 
[[ 0  0  0  0  0  0  0  0]
 [ 0  0  0  0  0  0  0  0]
 [ 0  0  0  1  0  0  0  0]
 [ 0  0 -1  1 -1  1  0  0]
 [ 0  0 -1 -1 -1 -1  0  0]
 [ 0  0  0  1 -1  0  0  0]
 [ 0  0  0  0  0  0  0  0]
 [ 0  0  0  0  0  0  0  0]]
['12011014', '-1', '0', 5, 6, 1, [[0, 0, 0, 0, 0, 0, 0, 0], [0, 0, 0, 0, 0, 0, 0, 0], [0, 0, 0, 1, 0, 0, 0, 0], [0, 0, -1, 1, 1, 1, 0, 0], [0, 0, -1, -1, -1, 1, 0, 0], [0, 0, 0, 1, -1, 0, 1, 0], [0, 0, 0, 0, 0, 0, 0, 0], [0, 0, 0, 0, 0, 0, 0, 0]]]
Use Time: 5.000617980957031, This step timeout is True
The candidate list of user is: [(3, 1), (4, 1), (5, 1), (5, 5), (5, 6)]
Chessboard output is: 
[[ 0  0  0  0  0  0  0  0]
 [ 0  0  0  0  0  0  0  0]
 [ 0  0  0  1  0  0  0  0]
 [ 0  0 -1  1  1  1  0  0]
 [ 0  0 -1 -1 -1  1  0  0]
 [ 0  0  0  1 -1  0  1  0]
 [ 0  0  0  0  0  0  0  0]
 [ 0  0  0  0  0  0  0  0]]
-----------------
Chessboard input is: 
[[ 0  0  0  0  0  0  0  0]
 [ 0  0  0  0  0  0  0  0]
 [ 0  0  0  1  0  0  0  0]
 [ 0  0 -1  1  1  1  0  0]
 [ 0  0 -1 -1 -1  1  0  0]
 [ 0  0  0  1 -1  0  1  0]
 [ 0  0  0  0  0  0  0  0]
 [ 0  0  0  0  0  0  0  0]]
['12011014', '-1', '0', 2, 5, -1, [[0, 0, 0, 0, 0, 0, 0, 0], [0, 0, 0, 0, 0, 0, 0, 0], [0, 0, 0, 1, 0, -1, 0, 0], [0, 0, -1, 1, -1, 1, 0, 0], [0, 0, -1, -1, -1, 1, 0, 0], [0, 0, 0, 1, -1, 0, 1, 0], [0, 0, 0, 0, 0, 0, 0, 0], [0, 0, 0, 0, 0, 0, 0, 0]]]
Use Time: 4.702570676803589, This step timeout is False
The candidate list of user is: [(1, 3), (1, 4), (2, 2), (2, 4), (2, 4), (2, 5), (2, 6), (3, 6), (3, 6), (4, 6), (5, 2), (6, 2), (6, 3), (6, 4), (2, 5), (2, 5)]
Chessboard output is: 
[[ 0  0  0  0  0  0  0  0]
 [ 0  0  0  0  0  0  0  0]
 [ 0  0  0  1  0 -1  0  0]
 [ 0  0 -1  1 -1  1  0  0]
 [ 0  0 -1 -1 -1  1  0  0]
 [ 0  0  0  1 -1  0  1  0]
 [ 0  0  0  0  0  0  0  0]
 [ 0  0  0  0  0  0  0  0]]
-----------------
Chessboard input is: 
[[ 0  0  0  0  0  0  0  0]
 [ 0  0  0  0  0  0  0  0]
 [ 0  0  0  1  0 -1  0  0]
 [ 0  0 -1  1 -1  1  0  0]
 [ 0  0 -1 -1 -1  1  0  0]
 [ 0  0  0  1 -1  0  1  0]
 [ 0  0  0  0  0  0  0  0]
 [ 0  0  0  0  0  0  0  0]]
['12011014', '-1', '0', 6, 3, 1, [[0, 0, 0, 0, 0, 0, 0, 0], [0, 0, 0, 0, 0, 0, 0, 0], [0, 0, 0, 1, 0, -1, 0, 0], [0, 0, -1, 1, -1, 1, 0, 0], [0, 0, -1, -1, -1, 1, 0, 0], [0, 0, 0, 1, 1, 0, 1, 0], [0, 0, 0, 1, 0, 0, 0, 0], [0, 0, 0, 0, 0, 0, 0, 0]]]
Use Time: 5.000547170639038, This step timeout is True
The candidate list of user is: [(1, 5), (3, 1), (4, 1), (5, 1), (5, 5), (6, 3)]
Chessboard output is: 
[[ 0  0  0  0  0  0  0  0]
 [ 0  0  0  0  0  0  0  0]
 [ 0  0  0  1  0 -1  0  0]
 [ 0  0 -1  1 -1  1  0  0]
 [ 0  0 -1 -1 -1  1  0  0]
 [ 0  0  0  1  1  0  1  0]
 [ 0  0  0  1  0  0  0  0]
 [ 0  0  0  0  0  0  0  0]]
-----------------
Chessboard input is: 
[[ 0  0  0  0  0  0  0  0]
 [ 0  0  0  0  0  0  0  0]
 [ 0  0  0  1  0 -1  0  0]
 [ 0  0 -1  1 -1  1  0  0]
 [ 0  0 -1 -1 -1  1  0  0]
 [ 0  0  0  1  1  0  1  0]
 [ 0  0  0  1  0  0  0  0]
 [ 0  0  0  0  0  0  0  0]]
['12011014', '-1', '0', 2, 4, -1, [[0, 0, 0, 0, 0, 0, 0, 0], [0, 0, 0, 0, 0, 0, 0, 0], [0, 0, 0, 1, -1, -1, 0, 0], [0, 0, -1, -1, -1, 1, 0, 0], [0, 0, -1, -1, -1, 1, 0, 0], [0, 0, 0, 1, 1, 0, 1, 0], [0, 0, 0, 1, 0, 0, 0, 0], [0, 0, 0, 0, 0, 0, 0, 0]]]
Use Time: 4.703125238418579, This step timeout is False
The candidate list of user is: [(1, 2), (1, 3), (1, 4), (2, 2), (2, 4), (2, 6), (3, 6), (4, 6), (5, 5), (6, 2), (6, 4), (6, 4), (6, 5), (6, 7), (7, 3), (2, 4), (2, 4)]
Chessboard output is: 
[[ 0  0  0  0  0  0  0  0]
 [ 0  0  0  0  0  0  0  0]
 [ 0  0  0  1 -1 -1  0  0]
 [ 0  0 -1 -1 -1  1  0  0]
 [ 0  0 -1 -1 -1  1  0  0]
 [ 0  0  0  1  1  0  1  0]
 [ 0  0  0  1  0  0  0  0]
 [ 0  0  0  0  0  0  0  0]]
-----------------
Chessboard input is: 
[[ 0  0  0  0  0  0  0  0]
 [ 0  0  0  0  0  0  0  0]
 [ 0  0  0  1 -1 -1  0  0]
 [ 0  0 -1 -1 -1  1  0  0]
 [ 0  0 -1 -1 -1  1  0  0]
 [ 0  0  0  1  1  0  1  0]
 [ 0  0  0  1  0  0  0  0]
 [ 0  0  0  0  0  0  0  0]]
['12011014', '-1', '0', 4, 1, 1, [[0, 0, 0, 0, 0, 0, 0, 0], [0, 0, 0, 0, 0, 0, 0, 0], [0, 0, 0, 1, -1, -1, 0, 0], [0, 0, 1, -1, -1, 1, 0, 0], [0, 1, 1, 1, 1, 1, 0, 0], [0, 0, 0, 1, 1, 0, 1, 0], [0, 0, 0, 1, 0, 0, 0, 0], [0, 0, 0, 0, 0, 0, 0, 0]]]
Use Time: 5.000569105148315, This step timeout is True
The candidate list of user is: [(1, 3), (1, 4), (1, 5), (2, 1), (2, 6), (3, 1), (4, 1)]
Chessboard output is: 
[[ 0  0  0  0  0  0  0  0]
 [ 0  0  0  0  0  0  0  0]
 [ 0  0  0  1 -1 -1  0  0]
 [ 0  0  1 -1 -1  1  0  0]
 [ 0  1  1  1  1  1  0  0]
 [ 0  0  0  1  1  0  1  0]
 [ 0  0  0  1  0  0  0  0]
 [ 0  0  0  0  0  0  0  0]]
-----------------
Chessboard input is: 
[[ 0  0  0  0  0  0  0  0]
 [ 0  0  0  0  0  0  0  0]
 [ 0  0  0  1 -1 -1  0  0]
 [ 0  0  1 -1 -1  1  0  0]
 [ 0  1  1  1  1  1  0  0]
 [ 0  0  0  1  1  0  1  0]
 [ 0  0  0  1  0  0  0  0]
 [ 0  0  0  0  0  0  0  0]]
['12011014', '-1', '0', 5, 2, -1, [[0, 0, 0, 0, 0, 0, 0, 0], [0, 0, 0, 0, 0, 0, 0, 0], [0, 0, 0, 1, -1, -1, 0, 0], [0, 0, 1, -1, -1, 1, 0, 0], [0, 1, 1, -1, 1, 1, 0, 0], [0, 0, -1, 1, 1, 0, 1, 0], [0, 0, 0, 1, 0, 0, 0, 0], [0, 0, 0, 0, 0, 0, 0, 0]]]
Use Time: 4.702337265014648, This step timeout is False
The candidate list of user is: [(1, 2), (1, 3), (2, 2), (3, 1), (3, 6), (4, 6), (5, 1), (5, 2), (5, 5), (5, 5), (6, 4), (6, 7), (7, 3), (2, 2), (5, 2)]
Chessboard output is: 
[[ 0  0  0  0  0  0  0  0]
 [ 0  0  0  0  0  0  0  0]
 [ 0  0  0  1 -1 -1  0  0]
 [ 0  0  1 -1 -1  1  0  0]
 [ 0  1  1 -1  1  1  0  0]
 [ 0  0 -1  1  1  0  1  0]
 [ 0  0  0  1  0  0  0  0]
 [ 0  0  0  0  0  0  0  0]]
-----------------
Chessboard input is: 
[[ 0  0  0  0  0  0  0  0]
 [ 0  0  0  0  0  0  0  0]
 [ 0  0  0  1 -1 -1  0  0]
 [ 0  0  1 -1 -1  1  0  0]
 [ 0  1  1 -1  1  1  0  0]
 [ 0  0 -1  1  1  0  1  0]
 [ 0  0  0  1  0  0  0  0]
 [ 0  0  0  0  0  0  0  0]]
['12011014', '-1', '0', 6, 2, 1, [[0, 0, 0, 0, 0, 0, 0, 0], [0, 0, 0, 0, 0, 0, 0, 0], [0, 0, 0, 1, -1, -1, 0, 0], [0, 0, 1, -1, -1, 1, 0, 0], [0, 1, 1, -1, 1, 1, 0, 0], [0, 0, 1, 1, 1, 0, 1, 0], [0, 0, 1, 1, 0, 0, 0, 0], [0, 0, 0, 0, 0, 0, 0, 0]]]
Use Time: 5.000519514083862, This step timeout is True
The candidate list of user is: [(1, 3), (1, 4), (1, 5), (2, 2), (2, 6), (5, 1), (6, 2)]
Chessboard output is: 
[[ 0  0  0  0  0  0  0  0]
 [ 0  0  0  0  0  0  0  0]
 [ 0  0  0  1 -1 -1  0  0]
 [ 0  0  1 -1 -1  1  0  0]
 [ 0  1  1 -1  1  1  0  0]
 [ 0  0  1  1  1  0  1  0]
 [ 0  0  1  1  0  0  0  0]
 [ 0  0  0  0  0  0  0  0]]
-----------------
Chessboard input is: 
[[ 0  0  0  0  0  0  0  0]
 [ 0  0  0  0  0  0  0  0]
 [ 0  0  0  1 -1 -1  0  0]
 [ 0  0  1 -1 -1  1  0  0]
 [ 0  1  1 -1  1  1  0  0]
 [ 0  0  1  1  1  0  1  0]
 [ 0  0  1  1  0  0  0  0]
 [ 0  0  0  0  0  0  0  0]]
['12011014', '-1', '0', 5, 1, -1, [[0, 0, 0, 0, 0, 0, 0, 0], [0, 0, 0, 0, 0, 0, 0, 0], [0, 0, 0, 1, -1, -1, 0, 0], [0, 0, 1, -1, -1, 1, 0, 0], [0, 1, -1, -1, 1, 1, 0, 0], [0, -1, 1, 1, 1, 0, 1, 0], [0, 0, 1, 1, 0, 0, 0, 0], [0, 0, 0, 0, 0, 0, 0, 0]]]
Use Time: 4.702236652374268, This step timeout is False
The candidate list of user is: [(1, 2), (1, 3), (2, 1), (2, 2), (3, 1), (3, 6), (4, 0), (4, 6), (4, 6), (5, 1), (5, 5), (5, 5), (6, 1), (6, 4), (6, 5), (6, 7), (7, 3), (2, 2), (5, 1)]
Chessboard output is: 
[[ 0  0  0  0  0  0  0  0]
 [ 0  0  0  0  0  0  0  0]
 [ 0  0  0  1 -1 -1  0  0]
 [ 0  0  1 -1 -1  1  0  0]
 [ 0  1 -1 -1  1  1  0  0]
 [ 0 -1  1  1  1  0  1  0]
 [ 0  0  1  1  0  0  0  0]
 [ 0  0  0  0  0  0  0  0]]
-----------------
Chessboard input is: 
[[ 0  0  0  0  0  0  0  0]
 [ 0  0  0  0  0  0  0  0]
 [ 0  0  0  1 -1 -1  0  0]
 [ 0  0  1 -1 -1  1  0  0]
 [ 0  1 -1 -1  1  1  0  0]
 [ 0 -1  1  1  1  0  1  0]
 [ 0  0  1  1  0  0  0  0]
 [ 0  0  0  0  0  0  0  0]]
['12011014', '-1', '0', 1, 6, 1, [[0, 0, 0, 0, 0, 0, 0, 0], [0, 0, 0, 0, 0, 0, 1, 0], [0, 0, 0, 1, -1, 1, 0, 0], [0, 0, 1, -1, 1, 1, 0, 0], [0, 1, -1, 1, 1, 1, 0, 0], [0, -1, 1, 1, 1, 0, 1, 0], [0, 0, 1, 1, 0, 0, 0, 0], [0, 0, 0, 0, 0, 0, 0, 0]]]
Use Time: 3.853699207305908, This step timeout is False
The candidate list of user is: [(1, 3), (1, 4), (1, 5), (1, 6), (2, 2), (2, 6), (3, 1), (4, 0), (5, 0), (6, 1), (1, 6)]
Chessboard output is: 
[[ 0  0  0  0  0  0  0  0]
 [ 0  0  0  0  0  0  1  0]
 [ 0  0  0  1 -1  1  0  0]
 [ 0  0  1 -1  1  1  0  0]
 [ 0  1 -1  1  1  1  0  0]
 [ 0 -1  1  1  1  0  1  0]
 [ 0  0  1  1  0  0  0  0]
 [ 0  0  0  0  0  0  0  0]]
-----------------
Chessboard input is: 
[[ 0  0  0  0  0  0  0  0]
 [ 0  0  0  0  0  0  1  0]
 [ 0  0  0  1 -1  1  0  0]
 [ 0  0  1 -1  1  1  0  0]
 [ 0  1 -1  1  1  1  0  0]
 [ 0 -1  1  1  1  0  1  0]
 [ 0  0  1  1  0  0  0  0]
 [ 0  0  0  0  0  0  0  0]]
['12011014', '-1', '0', 4, 0, -1, [[0, 0, 0, 0, 0, 0, 0, 0], [0, 0, 0, 0, 0, 0, 1, 0], [0, 0, 0, 1, -1, 1, 0, 0], [0, 0, 1, -1, 1, 1, 0, 0], [-1, -1, -1, 1, 1, 1, 0, 0], [0, -1, 1, 1, 1, 0, 1, 0], [0, 0, 1, 1, 0, 0, 0, 0], [0, 0, 0, 0, 0, 0, 0, 0]]]
Use Time: 4.702827453613281, This step timeout is False
The candidate list of user is: [(1, 3), (2, 2), (2, 2), (2, 6), (3, 1), (3, 1), (3, 6), (4, 0), (4, 6), (4, 6), (5, 5), (5, 5), (6, 4), (6, 4), (7, 2), (7, 3), (7, 3), (3, 6), (4, 0)]
Chessboard output is: 
[[ 0  0  0  0  0  0  0  0]
 [ 0  0  0  0  0  0  1  0]
 [ 0  0  0  1 -1  1  0  0]
 [ 0  0  1 -1  1  1  0  0]
 [-1 -1 -1  1  1  1  0  0]
 [ 0 -1  1  1  1  0  1  0]
 [ 0  0  1  1  0  0  0  0]
 [ 0  0  0  0  0  0  0  0]]
-----------------
Chessboard input is: 
[[ 0  0  0  0  0  0  0  0]
 [ 0  0  0  0  0  0  1  0]
 [ 0  0  0  1 -1  1  0  0]
 [ 0  0  1 -1  1  1  0  0]
 [-1 -1 -1  1  1  1  0  0]
 [ 0 -1  1  1  1  0  1  0]
 [ 0  0  1  1  0  0  0  0]
 [ 0  0  0  0  0  0  0  0]]
['12011014', '-1', '0', 5, 0, 1, [[0, 0, 0, 0, 0, 0, 0, 0], [0, 0, 0, 0, 0, 0, 1, 0], [0, 0, 0, 1, -1, 1, 0, 0], [0, 0, 1, -1, 1, 1, 0, 0], [-1, 1, -1, 1, 1, 1, 0, 0], [1, 1, 1, 1, 1, 0, 1, 0], [0, 0, 1, 1, 0, 0, 0, 0], [0, 0, 0, 0, 0, 0, 0, 0]]]
Use Time: 5.000555992126465, This step timeout is True
The candidate list of user is: [(1, 3), (1, 4), (2, 2), (3, 0), (3, 1), (5, 0)]
Chessboard output is: 
[[ 0  0  0  0  0  0  0  0]
 [ 0  0  0  0  0  0  1  0]
 [ 0  0  0  1 -1  1  0  0]
 [ 0  0  1 -1  1  1  0  0]
 [-1  1 -1  1  1  1  0  0]
 [ 1  1  1  1  1  0  1  0]
 [ 0  0  1  1  0  0  0  0]
 [ 0  0  0  0  0  0  0  0]]
-----------------
Chessboard input is: 
[[ 0  0  0  0  0  0  0  0]
 [ 0  0  0  0  0  0  1  0]
 [ 0  0  0  1 -1  1  0  0]
 [ 0  0  1 -1  1  1  0  0]
 [-1  1 -1  1  1  1  0  0]
 [ 1  1  1  1  1  0  1  0]
 [ 0  0  1  1  0  0  0  0]
 [ 0  0  0  0  0  0  0  0]]
['12011014', '-1', '0', 5, 5, -1, [[0, 0, 0, 0, 0, 0, 0, 0], [0, 0, 0, 0, 0, 0, 1, 0], [0, 0, 0, 1, -1, 1, 0, 0], [0, 0, 1, -1, 1, 1, 0, 0], [-1, 1, -1, 1, -1, 1, 0, 0], [1, 1, 1, 1, 1, -1, 1, 0], [0, 0, 1, 1, 0, 0, 0, 0], [0, 0, 0, 0, 0, 0, 0, 0]]]
Use Time: 4.702336549758911, This step timeout is False
The candidate list of user is: [(1, 3), (2, 2), (2, 2), (2, 6), (3, 1), (3, 6), (4, 6), (4, 6), (5, 5), (6, 0), (6, 0), (6, 4), (6, 4), (7, 2), (7, 3), (7, 3), (3, 1), (5, 5)]
Chessboard output is: 
[[ 0  0  0  0  0  0  0  0]
 [ 0  0  0  0  0  0  1  0]
 [ 0  0  0  1 -1  1  0  0]
 [ 0  0  1 -1  1  1  0  0]
 [-1  1 -1  1 -1  1  0  0]
 [ 1  1  1  1  1 -1  1  0]
 [ 0  0  1  1  0  0  0  0]
 [ 0  0  0  0  0  0  0  0]]
-----------------
Chessboard input is: 
[[ 0  0  0  0  0  0  0  0]
 [ 0  0  0  0  0  0  1  0]
 [ 0  0  0  1 -1  1  0  0]
 [ 0  0  1 -1  1  1  0  0]
 [-1  1 -1  1 -1  1  0  0]
 [ 1  1  1  1  1 -1  1  0]
 [ 0  0  1  1  0  0  0  0]
 [ 0  0  0  0  0  0  0  0]]
['12011014', '-1', '0', 3, 1, 1, [[0, 0, 0, 0, 0, 0, 0, 0], [0, 0, 0, 0, 0, 0, 1, 0], [0, 0, 0, 1, -1, 1, 0, 0], [0, 1, 1, -1, 1, 1, 0, 0], [-1, 1, 1, 1, -1, 1, 0, 0], [1, 1, 1, 1, 1, -1, 1, 0], [0, 0, 1, 1, 0, 0, 0, 0], [0, 0, 0, 0, 0, 0, 0, 0]]]
Use Time: 4.064011573791504, This step timeout is False
The candidate list of user is: [(1, 3), (1, 4), (1, 5), (3, 0), (3, 1), (6, 5), (3, 1)]
Chessboard output is: 
[[ 0  0  0  0  0  0  0  0]
 [ 0  0  0  0  0  0  1  0]
 [ 0  0  0  1 -1  1  0  0]
 [ 0  1  1 -1  1  1  0  0]
 [-1  1  1  1 -1  1  0  0]
 [ 1  1  1  1  1 -1  1  0]
 [ 0  0  1  1  0  0  0  0]
 [ 0  0  0  0  0  0  0  0]]
-----------------
Chessboard input is: 
[[ 0  0  0  0  0  0  0  0]
 [ 0  0  0  0  0  0  1  0]
 [ 0  0  0  1 -1  1  0  0]
 [ 0  1  1 -1  1  1  0  0]
 [-1  1  1  1 -1  1  0  0]
 [ 1  1  1  1  1 -1  1  0]
 [ 0  0  1  1  0  0  0  0]
 [ 0  0  0  0  0  0  0  0]]
['12011014', '-1', '0', 5, 7, -1, [[0, 0, 0, 0, 0, 0, 0, 0], [0, 0, 0, 0, 0, 0, 1, 0], [0, 0, 0, 1, -1, 1, 0, 0], [0, 1, 1, -1, 1, 1, 0, 0], [-1, 1, 1, 1, -1, 1, 0, 0], [1, 1, 1, 1, 1, -1, -1, -1], [0, 0, 1, 1, 0, 0, 0, 0], [0, 0, 0, 0, 0, 0, 0, 0]]]
Use Time: 4.702037811279297, This step timeout is False
The candidate list of user is: [(1, 3), (1, 5), (2, 2), (2, 2), (2, 6), (2, 6), (3, 0), (3, 6), (4, 6), (4, 6), (5, 7), (6, 0), (6, 0), (6, 4), (7, 1), (7, 3), (7, 3), (3, 0), (5, 7)]
Chessboard output is: 
[[ 0  0  0  0  0  0  0  0]
 [ 0  0  0  0  0  0  1  0]
 [ 0  0  0  1 -1  1  0  0]
 [ 0  1  1 -1  1  1  0  0]
 [-1  1  1  1 -1  1  0  0]
 [ 1  1  1  1  1 -1 -1 -1]
 [ 0  0  1  1  0  0  0  0]
 [ 0  0  0  0  0  0  0  0]]
-----------------
Chessboard input is: 
[[ 0  0  0  0  0  0  0  0]
 [ 0  0  0  0  0  0  1  0]
 [ 0  0  0  1 -1  1  0  0]
 [ 0  1  1 -1  1  1  0  0]
 [-1  1  1  1 -1  1  0  0]
 [ 1  1  1  1  1 -1 -1 -1]
 [ 0  0  1  1  0  0  0  0]
 [ 0  0  0  0  0  0  0  0]]
['12011014', '-1', '0', 6, 7, 1, [[0, 0, 0, 0, 0, 0, 0, 0], [0, 0, 0, 0, 0, 0, 1, 0], [0, 0, 0, 1, -1, 1, 0, 0], [0, 1, 1, -1, 1, 1, 0, 0], [-1, 1, 1, 1, -1, 1, 0, 0], [1, 1, 1, 1, 1, -1, 1, -1], [0, 0, 1, 1, 0, 0, 0, 1], [0, 0, 0, 0, 0, 0, 0, 0]]]
Use Time: 4.869382619857788, This step timeout is False
The candidate list of user is: [(1, 3), (1, 4), (1, 5), (3, 0), (6, 5), (6, 7), (6, 7)]
Chessboard output is: 
[[ 0  0  0  0  0  0  0  0]
 [ 0  0  0  0  0  0  1  0]
 [ 0  0  0  1 -1  1  0  0]
 [ 0  1  1 -1  1  1  0  0]
 [-1  1  1  1 -1  1  0  0]
 [ 1  1  1  1  1 -1  1 -1]
 [ 0  0  1  1  0  0  0  1]
 [ 0  0  0  0  0  0  0  0]]
-----------------
Chessboard input is: 
[[ 0  0  0  0  0  0  0  0]
 [ 0  0  0  0  0  0  1  0]
 [ 0  0  0  1 -1  1  0  0]
 [ 0  1  1 -1  1  1  0  0]
 [-1  1  1  1 -1  1  0  0]
 [ 1  1  1  1  1 -1  1 -1]
 [ 0  0  1  1  0  0  0  1]
 [ 0  0  0  0  0  0  0  0]]
['12011014', '-1', '0', 3, 6, -1, [[0, 0, 0, 0, 0, 0, 0, 0], [0, 0, 0, 0, 0, 0, 1, 0], [0, 0, 0, 1, -1, 1, 0, 0], [0, 1, 1, -1, -1, -1, -1, 0], [-1, 1, 1, 1, -1, 1, 0, 0], [1, 1, 1, 1, 1, -1, 1, -1], [0, 0, 1, 1, 0, 0, 0, 1], [0, 0, 0, 0, 0, 0, 0, 0]]]
Use Time: 4.702173709869385, This step timeout is False
The candidate list of user is: [(1, 3), (1, 5), (2, 2), (2, 2), (2, 6), (2, 6), (3, 0), (3, 6), (4, 6), (4, 6), (6, 0), (6, 0), (6, 4), (7, 1), (7, 3), (7, 3), (7, 7), (3, 0), (3, 6)]
Chessboard output is: 
[[ 0  0  0  0  0  0  0  0]
 [ 0  0  0  0  0  0  1  0]
 [ 0  0  0  1 -1  1  0  0]
 [ 0  1  1 -1 -1 -1 -1  0]
 [-1  1  1  1 -1  1  0  0]
 [ 1  1  1  1  1 -1  1 -1]
 [ 0  0  1  1  0  0  0  1]
 [ 0  0  0  0  0  0  0  0]]
-----------------
Chessboard input is: 
[[ 0  0  0  0  0  0  0  0]
 [ 0  0  0  0  0  0  1  0]
 [ 0  0  0  1 -1  1  0  0]
 [ 0  1  1 -1 -1 -1 -1  0]
 [-1  1  1  1 -1  1  0  0]
 [ 1  1  1  1  1 -1  1 -1]
 [ 0  0  1  1  0  0  0  1]
 [ 0  0  0  0  0  0  0  0]]
['12011014', '-1', '0', 1, 4, 1, [[0, 0, 0, 0, 0, 0, 0, 0], [0, 0, 0, 0, 1, 0, 1, 0], [0, 0, 0, 1, 1, 1, 0, 0], [0, 1, 1, -1, 1, -1, -1, 0], [-1, 1, 1, 1, 1, 1, 0, 0], [1, 1, 1, 1, 1, -1, 1, -1], [0, 0, 1, 1, 0, 0, 0, 1], [0, 0, 0, 0, 0, 0, 0, 0]]]
Use Time: 1.9859600067138672, This step timeout is False
The candidate list of user is: [(1, 4), (1, 5), (2, 6), (2, 7), (3, 0), (3, 7), (4, 7), (6, 5), (1, 4)]
Chessboard output is: 
[[ 0  0  0  0  0  0  0  0]
 [ 0  0  0  0  1  0  1  0]
 [ 0  0  0  1  1  1  0  0]
 [ 0  1  1 -1  1 -1 -1  0]
 [-1  1  1  1  1  1  0  0]
 [ 1  1  1  1  1 -1  1 -1]
 [ 0  0  1  1  0  0  0  1]
 [ 0  0  0  0  0  0  0  0]]
-----------------
Chessboard input is: 
[[ 0  0  0  0  0  0  0  0]
 [ 0  0  0  0  1  0  1  0]
 [ 0  0  0  1  1  1  0  0]
 [ 0  1  1 -1  1 -1 -1  0]
 [-1  1  1  1  1  1  0  0]
 [ 1  1  1  1  1 -1  1 -1]
 [ 0  0  1  1  0  0  0  1]
 [ 0  0  0  0  0  0  0  0]]
['12011014', '-1', '0', 4, 6, -1, [[0, 0, 0, 0, 0, 0, 0, 0], [0, 0, 0, 0, 1, 0, 1, 0], [0, 0, 0, 1, 1, 1, 0, 0], [0, 1, 1, -1, 1, -1, -1, 0], [-1, -1, -1, -1, -1, -1, -1, 0], [1, 1, 1, 1, 1, -1, 1, -1], [0, 0, 1, 1, 0, 0, 0, 1], [0, 0, 0, 0, 0, 0, 0, 0]]]
Use Time: 4.7037811279296875, This step timeout is False
The candidate list of user is: [(0, 3), (1, 3), (1, 3), (1, 5), (1, 5), (2, 2), (3, 0), (4, 6), (6, 0), (6, 0), (7, 1), (7, 2), (7, 3), (7, 3), (7, 7), (4, 6), (4, 6)]
Chessboard output is: 
[[ 0  0  0  0  0  0  0  0]
 [ 0  0  0  0  1  0  1  0]
 [ 0  0  0  1  1  1  0  0]
 [ 0  1  1 -1  1 -1 -1  0]
 [-1 -1 -1 -1 -1 -1 -1  0]
 [ 1  1  1  1  1 -1  1 -1]
 [ 0  0  1  1  0  0  0  1]
 [ 0  0  0  0  0  0  0  0]]
-----------------
Chessboard input is: 
[[ 0  0  0  0  0  0  0  0]
 [ 0  0  0  0  1  0  1  0]
 [ 0  0  0  1  1  1  0  0]
 [ 0  1  1 -1  1 -1 -1  0]
 [-1 -1 -1 -1 -1 -1 -1  0]
 [ 1  1  1  1  1 -1  1 -1]
 [ 0  0  1  1  0  0  0  1]
 [ 0  0  0  0  0  0  0  0]]
['12011014', '-1', '0', 6, 5, 1, [[0, 0, 0, 0, 0, 0, 0, 0], [0, 0, 0, 0, 1, 0, 1, 0], [0, 0, 0, 1, 1, 1, 0, 0], [0, 1, 1, -1, 1, 1, -1, 0], [-1, -1, -1, -1, -1, 1, -1, 0], [1, 1, 1, 1, 1, 1, 1, -1], [0, 0, 1, 1, 0, 1, 0, 1], [0, 0, 0, 0, 0, 0, 0, 0]]]
Use Time: 4.484800100326538, This step timeout is False
The candidate list of user is: [(2, 6), (2, 7), (3, 0), (3, 7), (4, 7), (6, 5), (6, 5)]
Chessboard output is: 
[[ 0  0  0  0  0  0  0  0]
 [ 0  0  0  0  1  0  1  0]
 [ 0  0  0  1  1  1  0  0]
 [ 0  1  1 -1  1  1 -1  0]
 [-1 -1 -1 -1 -1  1 -1  0]
 [ 1  1  1  1  1  1  1 -1]
 [ 0  0  1  1  0  1  0  1]
 [ 0  0  0  0  0  0  0  0]]
-----------------
Chessboard input is: 
[[ 0  0  0  0  0  0  0  0]
 [ 0  0  0  0  1  0  1  0]
 [ 0  0  0  1  1  1  0  0]
 [ 0  1  1 -1  1  1 -1  0]
 [-1 -1 -1 -1 -1  1 -1  0]
 [ 1  1  1  1  1  1  1 -1]
 [ 0  0  1  1  0  1  0  1]
 [ 0  0  0  0  0  0  0  0]]
['12011014', '-1', '0', 2, 6, -1, [[0, 0, 0, 0, 0, 0, 0, 0], [0, 0, 0, 0, 1, 0, 1, 0], [0, 0, 0, 1, 1, 1, -1, 0], [0, 1, 1, -1, 1, -1, -1, 0], [-1, -1, -1, -1, -1, 1, -1, 0], [1, 1, 1, 1, 1, 1, 1, -1], [0, 0, 1, 1, 0, 1, 0, 1], [0, 0, 0, 0, 0, 0, 0, 0]]]
Use Time: 4.703258752822876, This step timeout is False
The candidate list of user is: [(0, 3), (0, 4), (0, 5), (0, 7), (1, 3), (1, 3), (1, 5), (2, 0), (2, 1), (2, 1), (2, 2), (2, 2), (2, 6), (3, 0), (6, 0), (6, 0), (6, 1), (6, 1), (6, 4), (6, 4), (6, 4), (6, 6), (6, 6), (7, 1), (7, 2), (7, 2), (7, 3), (7, 3), (7, 4), (7, 6), (7, 7), (2, 6), (2, 6)]
Chessboard output is: 
[[ 0  0  0  0  0  0  0  0]
 [ 0  0  0  0  1  0  1  0]
 [ 0  0  0  1  1  1 -1  0]
 [ 0  1  1 -1  1 -1 -1  0]
 [-1 -1 -1 -1 -1  1 -1  0]
 [ 1  1  1  1  1  1  1 -1]
 [ 0  0  1  1  0  1  0  1]
 [ 0  0  0  0  0  0  0  0]]
-----------------
Chessboard input is: 
[[ 0  0  0  0  0  0  0  0]
 [ 0  0  0  0  1  0  1  0]
 [ 0  0  0  1  1  1 -1  0]
 [ 0  1  1 -1  1 -1 -1  0]
 [-1 -1 -1 -1 -1  1 -1  0]
 [ 1  1  1  1  1  1  1 -1]
 [ 0  0  1  1  0  1  0  1]
 [ 0  0  0  0  0  0  0  0]]
['12011014', '-1', '0', 4, 7, 1, [[0, 0, 0, 0, 0, 0, 0, 0], [0, 0, 0, 0, 1, 0, 1, 0], [0, 0, 0, 1, 1, 1, -1, 0], [0, 1, 1, -1, 1, -1, 1, 0], [-1, -1, -1, -1, -1, 1, 1, 1], [1, 1, 1, 1, 1, 1, 1, 1], [0, 0, 1, 1, 0, 1, 0, 1], [0, 0, 0, 0, 0, 0, 0, 0]]]
Use Time: 5.000530004501343, This step timeout is True
The candidate list of user is: [(1, 7), (2, 2), (2, 7), (3, 0), (3, 7), (4, 7)]
Chessboard output is: 
[[ 0  0  0  0  0  0  0  0]
 [ 0  0  0  0  1  0  1  0]
 [ 0  0  0  1  1  1 -1  0]
 [ 0  1  1 -1  1 -1  1  0]
 [-1 -1 -1 -1 -1  1  1  1]
 [ 1  1  1  1  1  1  1  1]
 [ 0  0  1  1  0  1  0  1]
 [ 0  0  0  0  0  0  0  0]]
-----------------
Chessboard input is: 
[[ 0  0  0  0  0  0  0  0]
 [ 0  0  0  0  1  0  1  0]
 [ 0  0  0  1  1  1 -1  0]
 [ 0  1  1 -1  1 -1  1  0]
 [-1 -1 -1 -1 -1  1  1  1]
 [ 1  1  1  1  1  1  1  1]
 [ 0  0  1  1  0  1  0  1]
 [ 0  0  0  0  0  0  0  0]]
['12011014', '-1', '0', 0, 6, -1, [[0, 0, 0, 0, 0, 0, -1, 0], [0, 0, 0, 0, 1, 0, -1, 0], [0, 0, 0, 1, 1, 1, -1, 0], [0, 1, 1, -1, 1, -1, 1, 0], [-1, -1, -1, -1, -1, 1, 1, 1], [1, 1, 1, 1, 1, 1, 1, 1], [0, 0, 1, 1, 0, 1, 0, 1], [0, 0, 0, 0, 0, 0, 0, 0]]]
Use Time: 4.702362537384033, This step timeout is False
The candidate list of user is: [(0, 4), (0, 5), (0, 6), (0, 7), (1, 3), (1, 3), (1, 5), (1, 5), (2, 0), (2, 1), (2, 1), (2, 2), (2, 2), (2, 2), (3, 0), (3, 7), (6, 0), (6, 0), (6, 1), (6, 1), (6, 4), (6, 4), (6, 6), (6, 6), (7, 1), (7, 2), (7, 3), (7, 3), (7, 4), (7, 5), (7, 6), (0, 6), (0, 6)]
Chessboard output is: 
[[ 0  0  0  0  0  0 -1  0]
 [ 0  0  0  0  1  0 -1  0]
 [ 0  0  0  1  1  1 -1  0]
 [ 0  1  1 -1  1 -1  1  0]
 [-1 -1 -1 -1 -1  1  1  1]
 [ 1  1  1  1  1  1  1  1]
 [ 0  0  1  1  0  1  0  1]
 [ 0  0  0  0  0  0  0  0]]
-----------------
Chessboard input is: 
[[ 0  0  0  0  0  0 -1  0]
 [ 0  0  0  0  1  0 -1  0]
 [ 0  0  0  1  1  1 -1  0]
 [ 0  1  1 -1  1 -1  1  0]
 [-1 -1 -1 -1 -1  1  1  1]
 [ 1  1  1  1  1  1  1  1]
 [ 0  0  1  1  0  1  0  1]
 [ 0  0  0  0  0  0  0  0]]
['12011014', '-1', '0', 3, 0, 1, [[0, 0, 0, 0, 0, 0, -1, 0], [0, 0, 0, 0, 1, 0, -1, 0], [0, 0, 0, 1, 1, 1, -1, 0], [1, 1, 1, -1, 1, -1, 1, 0], [1, 1, -1, -1, -1, 1, 1, 1], [1, 1, 1, 1, 1, 1, 1, 1], [0, 0, 1, 1, 0, 1, 0, 1], [0, 0, 0, 0, 0, 0, 0, 0]]]
Use Time: 5.000536918640137, This step timeout is True
The candidate list of user is: [(0, 7), (1, 7), (2, 2), (2, 7), (3, 0)]
Chessboard output is: 
[[ 0  0  0  0  0  0 -1  0]
 [ 0  0  0  0  1  0 -1  0]
 [ 0  0  0  1  1  1 -1  0]
 [ 1  1  1 -1  1 -1  1  0]
 [ 1  1 -1 -1 -1  1  1  1]
 [ 1  1  1  1  1  1  1  1]
 [ 0  0  1  1  0  1  0  1]
 [ 0  0  0  0  0  0  0  0]]
-----------------
Chessboard input is: 
[[ 0  0  0  0  0  0 -1  0]
 [ 0  0  0  0  1  0 -1  0]
 [ 0  0  0  1  1  1 -1  0]
 [ 1  1  1 -1  1 -1  1  0]
 [ 1  1 -1 -1 -1  1  1  1]
 [ 1  1  1  1  1  1  1  1]
 [ 0  0  1  1  0  1  0  1]
 [ 0  0  0  0  0  0  0  0]]
['12011014', '-1', '0', 6, 0, -1, [[0, 0, 0, 0, 0, 0, -1, 0], [0, 0, 0, 0, 1, 0, -1, 0], [0, 0, 0, 1, 1, 1, -1, 0], [1, 1, 1, -1, 1, -1, 1, 0], [1, 1, -1, -1, -1, 1, 1, 1], [1, -1, 1, 1, 1, 1, 1, 1], [-1, 0, 1, 1, 0, 1, 0, 1], [0, 0, 0, 0, 0, 0, 0, 0]]]
Use Time: 4.703192710876465, This step timeout is False
The candidate list of user is: [(0, 4), (1, 3), (1, 3), (1, 5), (1, 5), (2, 0), (2, 1), (2, 2), (2, 2), (3, 7), (6, 0), (6, 1), (6, 4), (6, 4), (6, 6), (6, 6), (7, 1), (7, 2), (7, 3), (7, 5), (7, 6), (6, 1), (6, 0)]
Chessboard output is: 
[[ 0  0  0  0  0  0 -1  0]
 [ 0  0  0  0  1  0 -1  0]
 [ 0  0  0  1  1  1 -1  0]
 [ 1  1  1 -1  1 -1  1  0]
 [ 1  1 -1 -1 -1  1  1  1]
 [ 1 -1  1  1  1  1  1  1]
 [-1  0  1  1  0  1  0  1]
 [ 0  0  0  0  0  0  0  0]]
-----------------
Chessboard input is: 
[[ 0  0  0  0  0  0 -1  0]
 [ 0  0  0  0  1  0 -1  0]
 [ 0  0  0  1  1  1 -1  0]
 [ 1  1  1 -1  1 -1  1  0]
 [ 1  1 -1 -1 -1  1  1  1]
 [ 1 -1  1  1  1  1  1  1]
 [-1  0  1  1  0  1  0  1]
 [ 0  0  0  0  0  0  0  0]]
['12011014', '-1', '0', 6, 1, 1, [[0, 0, 0, 0, 0, 0, -1, 0], [0, 0, 0, 0, 1, 0, -1, 0], [0, 0, 0, 1, 1, 1, -1, 0], [1, 1, 1, -1, 1, -1, 1, 0], [1, 1, -1, -1, -1, 1, 1, 1], [1, 1, 1, 1, 1, 1, 1, 1], [-1, 1, 1, 1, 0, 1, 0, 1], [0, 0, 0, 0, 0, 0, 0, 0]]]
Use Time: 4.24821925163269, This step timeout is False
The candidate list of user is: [(0, 7), (1, 7), (2, 2), (2, 7), (6, 1), (7, 0), (6, 1)]
Chessboard output is: 
[[ 0  0  0  0  0  0 -1  0]
 [ 0  0  0  0  1  0 -1  0]
 [ 0  0  0  1  1  1 -1  0]
 [ 1  1  1 -1  1 -1  1  0]
 [ 1  1 -1 -1 -1  1  1  1]
 [ 1  1  1  1  1  1  1  1]
 [-1  1  1  1  0  1  0  1]
 [ 0  0  0  0  0  0  0  0]]
-----------------
Chessboard input is: 
[[ 0  0  0  0  0  0 -1  0]
 [ 0  0  0  0  1  0 -1  0]
 [ 0  0  0  1  1  1 -1  0]
 [ 1  1  1 -1  1 -1  1  0]
 [ 1  1 -1 -1 -1  1  1  1]
 [ 1  1  1  1  1  1  1  1]
 [-1  1  1  1  0  1  0  1]
 [ 0  0  0  0  0  0  0  0]]
['12011014', '-1', '0', 7, 2, -1, [[0, 0, 0, 0, 0, 0, -1, 0], [0, 0, 0, 0, 1, 0, -1, 0], [0, 0, 0, 1, 1, 1, -1, 0], [1, 1, 1, -1, 1, -1, 1, 0], [1, 1, -1, -1, -1, 1, 1, 1], [1, 1, -1, 1, 1, 1, 1, 1], [-1, 1, -1, 1, 0, 1, 0, 1], [0, 0, -1, 0, 0, 0, 0, 0]]]
Use Time: 4.701929807662964, This step timeout is False
The candidate list of user is: [(0, 4), (1, 3), (1, 3), (1, 5), (1, 5), (2, 0), (2, 0), (2, 1), (2, 2), (2, 2), (3, 7), (6, 4), (6, 4), (6, 4), (6, 6), (6, 6), (7, 0), (7, 1), (7, 2), (7, 3), (7, 5), (7, 6), (7, 2), (7, 2)]
Chessboard output is: 
[[ 0  0  0  0  0  0 -1  0]
 [ 0  0  0  0  1  0 -1  0]
 [ 0  0  0  1  1  1 -1  0]
 [ 1  1  1 -1  1 -1  1  0]
 [ 1  1 -1 -1 -1  1  1  1]
 [ 1  1 -1  1  1  1  1  1]
 [-1  1 -1  1  0  1  0  1]
 [ 0  0 -1  0  0  0  0  0]]
-----------------
Chessboard input is: 
[[ 0  0  0  0  0  0 -1  0]
 [ 0  0  0  0  1  0 -1  0]
 [ 0  0  0  1  1  1 -1  0]
 [ 1  1  1 -1  1 -1  1  0]
 [ 1  1 -1 -1 -1  1  1  1]
 [ 1  1 -1  1  1  1  1  1]
 [-1  1 -1  1  0  1  0  1]
 [ 0  0 -1  0  0  0  0  0]]
['12011014', '-1', '0', 2, 7, 1, [[0, 0, 0, 0, 0, 0, -1, 0], [0, 0, 0, 0, 1, 0, -1, 0], [0, 0, 0, 1, 1, 1, 1, 1], [1, 1, 1, -1, 1, -1, 1, 0], [1, 1, -1, -1, -1, 1, 1, 1], [1, 1, -1, 1, 1, 1, 1, 1], [-1, 1, -1, 1, 0, 1, 0, 1], [0, 0, -1, 0, 0, 0, 0, 0]]]
Use Time: 4.664537668228149, This step timeout is False
The candidate list of user is: [(0, 7), (1, 7), (2, 2), (2, 7), (7, 0), (7, 1), (7, 3), (2, 7)]
Chessboard output is: 
[[ 0  0  0  0  0  0 -1  0]
 [ 0  0  0  0  1  0 -1  0]
 [ 0  0  0  1  1  1  1  1]
 [ 1  1  1 -1  1 -1  1  0]
 [ 1  1 -1 -1 -1  1  1  1]
 [ 1  1 -1  1  1  1  1  1]
 [-1  1 -1  1  0  1  0  1]
 [ 0  0 -1  0  0  0  0  0]]
-----------------
Chessboard input is: 
[[ 0  0  0  0  0  0 -1  0]
 [ 0  0  0  0  1  0 -1  0]
 [ 0  0  0  1  1  1  1  1]
 [ 1  1  1 -1  1 -1  1  0]
 [ 1  1 -1 -1 -1  1  1  1]
 [ 1  1 -1  1  1  1  1  1]
 [-1  1 -1  1  0  1  0  1]
 [ 0  0 -1  0  0  0  0  0]]
['12011014', '-1', '0', 3, 7, -1, [[0, 0, 0, 0, 0, 0, -1, 0], [0, 0, 0, 0, 1, 0, -1, 0], [0, 0, 0, 1, 1, 1, 1, 1], [1, 1, 1, -1, 1, -1, -1, -1], [1, 1, -1, -1, -1, 1, 1, 1], [1, 1, -1, 1, 1, 1, 1, 1], [-1, 1, -1, 1, 0, 1, 0, 1], [0, 0, -1, 0, 0, 0, 0, 0]]]
Use Time: 4.702767372131348, This step timeout is False
The candidate list of user is: [(0, 4), (1, 3), (1, 3), (1, 5), (1, 5), (1, 7), (2, 0), (2, 0), (2, 1), (2, 2), (3, 7), (6, 4), (6, 4), (6, 4), (6, 6), (6, 6), (7, 0), (7, 3), (7, 4), (7, 5), (7, 6), (7, 4), (3, 7)]
Chessboard output is: 
[[ 0  0  0  0  0  0 -1  0]
 [ 0  0  0  0  1  0 -1  0]
 [ 0  0  0  1  1  1  1  1]
 [ 1  1  1 -1  1 -1 -1 -1]
 [ 1  1 -1 -1 -1  1  1  1]
 [ 1  1 -1  1  1  1  1  1]
 [-1  1 -1  1  0  1  0  1]
 [ 0  0 -1  0  0  0  0  0]]
-----------------
Chessboard input is: 
[[ 0  0  0  0  0  0 -1  0]
 [ 0  0  0  0  1  0 -1  0]
 [ 0  0  0  1  1  1  1  1]
 [ 1  1  1 -1  1 -1 -1 -1]
 [ 1  1 -1 -1 -1  1  1  1]
 [ 1  1 -1  1  1  1  1  1]
 [-1  1 -1  1  0  1  0  1]
 [ 0  0 -1  0  0  0  0  0]]
['12011014', '-1', '0', 7, 1, 1, [[0, 0, 0, 0, 0, 0, -1, 0], [0, 0, 0, 0, 1, 0, -1, 0], [0, 0, 0, 1, 1, 1, 1, 1], [1, 1, 1, -1, 1, -1, -1, -1], [1, 1, -1, -1, -1, 1, 1, 1], [1, 1, -1, 1, 1, 1, 1, 1], [-1, 1, 1, 1, 0, 1, 0, 1], [0, 1, -1, 0, 0, 0, 0, 0]]]
Use Time: 3.6776089668273926, This step timeout is False
The candidate list of user is: [(0, 5), (0, 7), (2, 2), (7, 0), (7, 1), (7, 3), (7, 1)]
Chessboard output is: 
[[ 0  0  0  0  0  0 -1  0]
 [ 0  0  0  0  1  0 -1  0]
 [ 0  0  0  1  1  1  1  1]
 [ 1  1  1 -1  1 -1 -1 -1]
 [ 1  1 -1 -1 -1  1  1  1]
 [ 1  1 -1  1  1  1  1  1]
 [-1  1  1  1  0  1  0  1]
 [ 0  1 -1  0  0  0  0  0]]
-----------------
Chessboard input is: 
[[ 0  0  0  0  0  0 -1  0]
 [ 0  0  0  0  1  0 -1  0]
 [ 0  0  0  1  1  1  1  1]
 [ 1  1  1 -1  1 -1 -1 -1]
 [ 1  1 -1 -1 -1  1  1  1]
 [ 1  1 -1  1  1  1  1  1]
 [-1  1  1  1  0  1  0  1]
 [ 0  1 -1  0  0  0  0  0]]
['12011014', '-1', '0', 2, 2, -1, [[0, 0, 0, 0, 0, 0, -1, 0], [0, 0, 0, 0, 1, 0, -1, 0], [0, 0, -1, 1, 1, 1, 1, 1], [1, 1, -1, -1, 1, -1, -1, -1], [1, 1, -1, -1, -1, 1, 1, 1], [1, 1, -1, 1, 1, 1, 1, 1], [-1, 1, 1, 1, 0, 1, 0, 1], [0, 1, -1, 0, 0, 0, 0, 0]]]
Use Time: 4.702134132385254, This step timeout is False
The candidate list of user is: [(0, 3), (0, 4), (1, 3), (1, 3), (1, 5), (1, 5), (1, 5), (1, 7), (1, 7), (2, 0), (2, 0), (2, 1), (2, 2), (6, 4), (6, 4), (6, 4), (6, 4), (6, 6), (6, 6), (7, 0), (7, 0), (7, 3), (7, 4), (7, 5), (7, 6), (7, 7), (2, 2), (2, 2)]
Chessboard output is: 
[[ 0  0  0  0  0  0 -1  0]
 [ 0  0  0  0  1  0 -1  0]
 [ 0  0 -1  1  1  1  1  1]
 [ 1  1 -1 -1  1 -1 -1 -1]
 [ 1  1 -1 -1 -1  1  1  1]
 [ 1  1 -1  1  1  1  1  1]
 [-1  1  1  1  0  1  0  1]
 [ 0  1 -1  0  0  0  0  0]]
-----------------
Chessboard input is: 
[[ 0  0  0  0  0  0 -1  0]
 [ 0  0  0  0  1  0 -1  0]
 [ 0  0 -1  1  1  1  1  1]
 [ 1  1 -1 -1  1 -1 -1 -1]
 [ 1  1 -1 -1 -1  1  1  1]
 [ 1  1 -1  1  1  1  1  1]
 [-1  1  1  1  0  1  0  1]
 [ 0  1 -1  0  0  0  0  0]]
['12011014', '-1', '0', 0, 5, 1, [[0, 0, 0, 0, 0, 1, -1, 0], [0, 0, 0, 0, 1, 0, 1, 0], [0, 0, -1, 1, 1, 1, 1, 1], [1, 1, -1, -1, 1, -1, -1, -1], [1, 1, -1, -1, -1, 1, 1, 1], [1, 1, -1, 1, 1, 1, 1, 1], [-1, 1, 1, 1, 0, 1, 0, 1], [0, 1, -1, 0, 0, 0, 0, 0]]]
Use Time: 0.5439479351043701, This step timeout is False
The candidate list of user is: [(0, 5), (0, 7), (1, 1), (1, 2), (1, 3), (2, 1), (7, 0), (7, 3), (0, 5)]
Chessboard output is: 
[[ 0  0  0  0  0  1 -1  0]
 [ 0  0  0  0  1  0  1  0]
 [ 0  0 -1  1  1  1  1  1]
 [ 1  1 -1 -1  1 -1 -1 -1]
 [ 1  1 -1 -1 -1  1  1  1]
 [ 1  1 -1  1  1  1  1  1]
 [-1  1  1  1  0  1  0  1]
 [ 0  1 -1  0  0  0  0  0]]
-----------------
Chessboard input is: 
[[ 0  0  0  0  0  1 -1  0]
 [ 0  0  0  0  1  0  1  0]
 [ 0  0 -1  1  1  1  1  1]
 [ 1  1 -1 -1  1 -1 -1 -1]
 [ 1  1 -1 -1 -1  1  1  1]
 [ 1  1 -1  1  1  1  1  1]
 [-1  1  1  1  0  1  0  1]
 [ 0  1 -1  0  0  0  0  0]]
['12011014', '-1', '0', 1, 7, -1, [[0, 0, 0, 0, 0, 1, -1, 0], [0, 0, 0, 0, 1, 0, 1, -1], [0, 0, -1, 1, 1, 1, -1, -1], [1, 1, -1, -1, 1, -1, -1, -1], [1, 1, -1, -1, -1, 1, 1, 1], [1, 1, -1, 1, 1, 1, 1, 1], [-1, 1, 1, 1, 0, 1, 0, 1], [0, 1, -1, 0, 0, 0, 0, 0]]]
Use Time: 4.702193975448608, This step timeout is False
The candidate list of user is: [(0, 3), (0, 4), (0, 4), (0, 7), (1, 3), (1, 3), (1, 5), (1, 5), (1, 5), (1, 7), (1, 7), (2, 0), (2, 0), (6, 4), (6, 4), (6, 4), (6, 4), (6, 6), (6, 6), (7, 0), (7, 0), (7, 3), (7, 4), (7, 5), (7, 6), (7, 7), (7, 3), (1, 7)]
Chessboard output is: 
[[ 0  0  0  0  0  1 -1  0]
 [ 0  0  0  0  1  0  1 -1]
 [ 0  0 -1  1  1  1 -1 -1]
 [ 1  1 -1 -1  1 -1 -1 -1]
 [ 1  1 -1 -1 -1  1  1  1]
 [ 1  1 -1  1  1  1  1  1]
 [-1  1  1  1  0  1  0  1]
 [ 0  1 -1  0  0  0  0  0]]
-----------------
Chessboard input is: 
[[ 0  0  0  0  0  1 -1  0]
 [ 0  0  0  0  1  0  1 -1]
 [ 0  0 -1  1  1  1 -1 -1]
 [ 1  1 -1 -1  1 -1 -1 -1]
 [ 1  1 -1 -1 -1  1  1  1]
 [ 1  1 -1  1  1  1  1  1]
 [-1  1  1  1  0  1  0  1]
 [ 0  1 -1  0  0  0  0  0]]
['12011014', '-1', '0', 7, 3, 1, [[0, 0, 0, 0, 0, 1, -1, 0], [0, 0, 0, 0, 1, 0, 1, -1], [0, 0, -1, 1, 1, 1, -1, -1], [1, 1, -1, -1, 1, -1, -1, -1], [1, 1, -1, -1, -1, 1, 1, 1], [1, 1, -1, 1, 1, 1, 1, 1], [-1, 1, 1, 1, 0, 1, 0, 1], [0, 1, 1, 1, 0, 0, 0, 0]]]
Use Time: 2.7779061794281006, This step timeout is False
The candidate list of user is: [(0, 7), (1, 1), (1, 2), (1, 3), (2, 1), (7, 0), (7, 3), (7, 3)]
Chessboard output is: 
[[ 0  0  0  0  0  1 -1  0]
 [ 0  0  0  0  1  0  1 -1]
 [ 0  0 -1  1  1  1 -1 -1]
 [ 1  1 -1 -1  1 -1 -1 -1]
 [ 1  1 -1 -1 -1  1  1  1]
 [ 1  1 -1  1  1  1  1  1]
 [-1  1  1  1  0  1  0  1]
 [ 0  1  1  1  0  0  0  0]]
-----------------
Chessboard input is: 
[[ 0  0  0  0  0  1 -1  0]
 [ 0  0  0  0  1  0  1 -1]
 [ 0  0 -1  1  1  1 -1 -1]
 [ 1  1 -1 -1  1 -1 -1 -1]
 [ 1  1 -1 -1 -1  1  1  1]
 [ 1  1 -1  1  1  1  1  1]
 [-1  1  1  1  0  1  0  1]
 [ 0  1  1  1  0  0  0  0]]
['12011014', '-1', '0', 1, 5, -1, [[0, 0, 0, 0, 0, 1, -1, 0], [0, 0, 0, 0, 1, -1, -1, -1], [0, 0, -1, 1, -1, -1, -1, -1], [1, 1, -1, -1, 1, -1, -1, -1], [1, 1, -1, -1, -1, 1, 1, 1], [1, 1, -1, 1, 1, 1, 1, 1], [-1, 1, 1, 1, 0, 1, 0, 1], [0, 1, 1, 1, 0, 0, 0, 0]]]
Use Time: 4.701773643493652, This step timeout is False
The candidate list of user is: [(0, 3), (0, 4), (0, 4), (0, 7), (1, 3), (1, 3), (1, 5), (1, 5), (1, 5), (2, 0), (2, 0), (6, 4), (6, 4), (6, 4), (6, 4), (6, 6), (6, 6), (7, 0), (7, 4), (7, 5), (7, 6), (7, 7), (2, 0), (1, 5)]
Chessboard output is: 
[[ 0  0  0  0  0  1 -1  0]
 [ 0  0  0  0  1 -1 -1 -1]
 [ 0  0 -1  1 -1 -1 -1 -1]
 [ 1  1 -1 -1  1 -1 -1 -1]
 [ 1  1 -1 -1 -1  1  1  1]
 [ 1  1 -1  1  1  1  1  1]
 [-1  1  1  1  0  1  0  1]
 [ 0  1  1  1  0  0  0  0]]
-----------------
Chessboard input is: 
[[ 0  0  0  0  0  1 -1  0]
 [ 0  0  0  0  1 -1 -1 -1]
 [ 0  0 -1  1 -1 -1 -1 -1]
 [ 1  1 -1 -1  1 -1 -1 -1]
 [ 1  1 -1 -1 -1  1  1  1]
 [ 1  1 -1  1  1  1  1  1]
 [-1  1  1  1  0  1  0  1]
 [ 0  1  1  1  0  0  0  0]]
['12011014', '-1', '0', 2, 1, 1, [[0, 0, 0, 0, 0, 1, -1, 0], [0, 0, 0, 0, 1, -1, -1, -1], [0, 1, 1, 1, -1, -1, -1, -1], [1, 1, 1, -1, 1, -1, -1, -1], [1, 1, -1, 1, -1, 1, 1, 1], [1, 1, -1, 1, 1, 1, 1, 1], [-1, 1, 1, 1, 0, 1, 0, 1], [0, 1, 1, 1, 0, 0, 0, 0]]]
Use Time: 1.0877883434295654, This step timeout is False
The candidate list of user is: [(0, 7), (1, 1), (1, 2), (1, 3), (2, 1), (7, 0), (2, 1)]
Chessboard output is: 
[[ 0  0  0  0  0  1 -1  0]
 [ 0  0  0  0  1 -1 -1 -1]
 [ 0  1  1  1 -1 -1 -1 -1]
 [ 1  1  1 -1  1 -1 -1 -1]
 [ 1  1 -1  1 -1  1  1  1]
 [ 1  1 -1  1  1  1  1  1]
 [-1  1  1  1  0  1  0  1]
 [ 0  1  1  1  0  0  0  0]]
-----------------
Chessboard input is: 
[[ 0  0  0  0  0  1 -1  0]
 [ 0  0  0  0  1 -1 -1 -1]
 [ 0  1  1  1 -1 -1 -1 -1]
 [ 1  1  1 -1  1 -1 -1 -1]
 [ 1  1 -1  1 -1  1  1  1]
 [ 1  1 -1  1  1  1  1  1]
 [-1  1  1  1  0  1  0  1]
 [ 0  1  1  1  0  0  0  0]]
['12011014', '-1', '0', 0, 4, -1, [[0, 0, 0, 0, -1, -1, -1, 0], [0, 0, 0, 0, -1, -1, -1, -1], [0, 1, 1, 1, -1, -1, -1, -1], [1, 1, 1, -1, 1, -1, -1, -1], [1, 1, -1, 1, -1, 1, 1, 1], [1, 1, -1, 1, 1, 1, 1, 1], [-1, 1, 1, 1, 0, 1, 0, 1], [0, 1, 1, 1, 0, 0, 0, 0]]]
Use Time: 3.295711040496826, This step timeout is False
The candidate list of user is: [(0, 3), (0, 4), (0, 4), (1, 1), (1, 2), (1, 3), (1, 3), (2, 0), (2, 0), (2, 0), (6, 4), (6, 4), (6, 4), (6, 4), (6, 6), (6, 6), (7, 0), (7, 4), (7, 5), (7, 7), (1, 3), (0, 4)]
Chessboard output is: 
[[ 0  0  0  0 -1 -1 -1  0]
 [ 0  0  0  0 -1 -1 -1 -1]
 [ 0  1  1  1 -1 -1 -1 -1]
 [ 1  1  1 -1  1 -1 -1 -1]
 [ 1  1 -1  1 -1  1  1  1]
 [ 1  1 -1  1  1  1  1  1]
 [-1  1  1  1  0  1  0  1]
 [ 0  1  1  1  0  0  0  0]]
-----------------
Chessboard input is: 
[[ 0  0  0  0 -1 -1 -1  0]
 [ 0  0  0  0 -1 -1 -1 -1]
 [ 0  1  1  1 -1 -1 -1 -1]
 [ 1  1  1 -1  1 -1 -1 -1]
 [ 1  1 -1  1 -1  1  1  1]
 [ 1  1 -1  1  1  1  1  1]
 [-1  1  1  1  0  1  0  1]
 [ 0  1  1  1  0  0  0  0]]
['12011014', '-1', '0', 1, 3, 1, [[0, 0, 0, 0, -1, -1, -1, 0], [0, 0, 0, 1, -1, -1, -1, -1], [0, 1, 1, 1, 1, -1, -1, -1], [1, 1, 1, -1, 1, 1, -1, -1], [1, 1, -1, 1, -1, 1, 1, 1], [1, 1, -1, 1, 1, 1, 1, 1], [-1, 1, 1, 1, 0, 1, 0, 1], [0, 1, 1, 1, 0, 0, 0, 0]]]
Use Time: 0.38445615768432617, This step timeout is False
The candidate list of user is: [(0, 3), (0, 7), (1, 3), (7, 0), (1, 3)]
Chessboard output is: 
[[ 0  0  0  0 -1 -1 -1  0]
 [ 0  0  0  1 -1 -1 -1 -1]
 [ 0  1  1  1  1 -1 -1 -1]
 [ 1  1  1 -1  1  1 -1 -1]
 [ 1  1 -1  1 -1  1  1  1]
 [ 1  1 -1  1  1  1  1  1]
 [-1  1  1  1  0  1  0  1]
 [ 0  1  1  1  0  0  0  0]]
-----------------
Chessboard input is: 
[[ 0  0  0  0 -1 -1 -1  0]
 [ 0  0  0  1 -1 -1 -1 -1]
 [ 0  1  1  1  1 -1 -1 -1]
 [ 1  1  1 -1  1  1 -1 -1]
 [ 1  1 -1  1 -1  1  1  1]
 [ 1  1 -1  1  1  1  1  1]
 [-1  1  1  1  0  1  0  1]
 [ 0  1  1  1  0  0  0  0]]
['12011014', '-1', '0', 7, 0, -1, [[0, 0, 0, 0, -1, -1, -1, 0], [0, 0, 0, 1, -1, -1, -1, -1], [0, 1, 1, 1, 1, -1, -1, -1], [1, 1, 1, -1, 1, 1, -1, -1], [1, 1, -1, 1, -1, 1, 1, 1], [1, 1, -1, 1, 1, 1, 1, 1], [-1, -1, 1, 1, 0, 1, 0, 1], [-1, 1, 1, 1, 0, 0, 0, 0]]]
Use Time: 1.0465452671051025, This step timeout is False
The candidate list of user is: [(0, 3), (1, 1), (1, 2), (1, 2), (2, 0), (2, 0), (2, 0), (6, 4), (6, 4), (6, 4), (6, 4), (6, 6), (6, 6), (7, 0), (7, 4), (7, 5), (7, 7), (7, 0), (7, 0)]
Chessboard output is: 
[[ 0  0  0  0 -1 -1 -1  0]
 [ 0  0  0  1 -1 -1 -1 -1]
 [ 0  1  1  1  1 -1 -1 -1]
 [ 1  1  1 -1  1  1 -1 -1]
 [ 1  1 -1  1 -1  1  1  1]
 [ 1  1 -1  1  1  1  1  1]
 [-1 -1  1  1  0  1  0  1]
 [-1  1  1  1  0  0  0  0]]
-----------------
Chessboard input is: 
[[ 0  0  0  0 -1 -1 -1  0]
 [ 0  0  0  1 -1 -1 -1 -1]
 [ 0  1  1  1  1 -1 -1 -1]
 [ 1  1  1 -1  1  1 -1 -1]
 [ 1  1 -1  1 -1  1  1  1]
 [ 1  1 -1  1  1  1  1  1]
 [-1 -1  1  1  0  1  0  1]
 [-1  1  1  1  0  0  0  0]]
['12011014', '-1', '0', 0, 7, 1, [[0, 0, 0, 0, -1, -1, -1, 1], [0, 0, 0, 1, -1, -1, 1, 1], [0, 1, 1, 1, 1, 1, -1, 1], [1, 1, 1, -1, 1, 1, -1, 1], [1, 1, -1, 1, -1, 1, 1, 1], [1, 1, -1, 1, 1, 1, 1, 1], [-1, -1, 1, 1, 0, 1, 0, 1], [-1, 1, 1, 1, 0, 0, 0, 0]]]
Use Time: 0.06826519966125488, This step timeout is False
The candidate list of user is: [(0, 3), (0, 7), (0, 7)]
Chessboard output is: 
[[ 0  0  0  0 -1 -1 -1  1]
 [ 0  0  0  1 -1 -1  1  1]
 [ 0  1  1  1  1  1 -1  1]
 [ 1  1  1 -1  1  1 -1  1]
 [ 1  1 -1  1 -1  1  1  1]
 [ 1  1 -1  1  1  1  1  1]
 [-1 -1  1  1  0  1  0  1]
 [-1  1  1  1  0  0  0  0]]
-----------------
Chessboard input is: 
[[ 0  0  0  0 -1 -1 -1  1]
 [ 0  0  0  1 -1 -1  1  1]
 [ 0  1  1  1  1  1 -1  1]
 [ 1  1  1 -1  1  1 -1  1]
 [ 1  1 -1  1 -1  1  1  1]
 [ 1  1 -1  1  1  1  1  1]
 [-1 -1  1  1  0  1  0  1]
 [-1  1  1  1  0  0  0  0]]
['12011014', '-1', '0', 1, 2, -1, [[0, 0, 0, 0, -1, -1, -1, 1], [0, 0, -1, -1, -1, -1, 1, 1], [0, 1, -1, 1, 1, 1, -1, 1], [1, 1, -1, -1, 1, 1, -1, 1], [1, 1, -1, 1, -1, 1, 1, 1], [1, 1, -1, 1, 1, 1, 1, 1], [-1, -1, 1, 1, 0, 1, 0, 1], [-1, 1, 1, 1, 0, 0, 0, 0]]]
Use Time: 1.0071275234222412, This step timeout is False
The candidate list of user is: [(0, 3), (1, 1), (1, 1), (1, 2), (1, 2), (2, 0), (2, 0), (2, 0), (6, 4), (6, 4), (6, 4), (6, 6), (6, 6), (7, 4), (7, 4), (7, 5), (0, 3), (1, 2)]
Chessboard output is: 
[[ 0  0  0  0 -1 -1 -1  1]
 [ 0  0 -1 -1 -1 -1  1  1]
 [ 0  1 -1  1  1  1 -1  1]
 [ 1  1 -1 -1  1  1 -1  1]
 [ 1  1 -1  1 -1  1  1  1]
 [ 1  1 -1  1  1  1  1  1]
 [-1 -1  1  1  0  1  0  1]
 [-1  1  1  1  0  0  0  0]]
-----------------
Chessboard input is: 
[[ 0  0  0  0 -1 -1 -1  1]
 [ 0  0 -1 -1 -1 -1  1  1]
 [ 0  1 -1  1  1  1 -1  1]
 [ 1  1 -1 -1  1  1 -1  1]
 [ 1  1 -1  1 -1  1  1  1]
 [ 1  1 -1  1  1  1  1  1]
 [-1 -1  1  1  0  1  0  1]
 [-1  1  1  1  0  0  0  0]]
['12011014', '-1', '0', 0, 2, 1, [[0, 0, 1, 0, -1, -1, -1, 1], [0, 0, 1, 1, -1, -1, 1, 1], [0, 1, 1, 1, 1, 1, -1, 1], [1, 1, 1, -1, 1, 1, -1, 1], [1, 1, 1, 1, -1, 1, 1, 1], [1, 1, 1, 1, 1, 1, 1, 1], [-1, -1, 1, 1, 0, 1, 0, 1], [-1, 1, 1, 1, 0, 0, 0, 0]]]
Use Time: 0.11747527122497559, This step timeout is False
The candidate list of user is: [(0, 1), (0, 2), (0, 3), (1, 1), (0, 2)]
Chessboard output is: 
[[ 0  0  1  0 -1 -1 -1  1]
 [ 0  0  1  1 -1 -1  1  1]
 [ 0  1  1  1  1  1 -1  1]
 [ 1  1  1 -1  1  1 -1  1]
 [ 1  1  1  1 -1  1  1  1]
 [ 1  1  1  1  1  1  1  1]
 [-1 -1  1  1  0  1  0  1]
 [-1  1  1  1  0  0  0  0]]
-----------------
Chessboard input is: 
[[ 0  0  1  0 -1 -1 -1  1]
 [ 0  0  1  1 -1 -1  1  1]
 [ 0  1  1  1  1  1 -1  1]
 [ 1  1  1 -1  1  1 -1  1]
 [ 1  1  1  1 -1  1  1  1]
 [ 1  1  1  1  1  1  1  1]
 [-1 -1  1  1  0  1  0  1]
 [-1  1  1  1  0  0  0  0]]
['12011014', '-1', '0', 0, 3, -1, [[0, 0, 1, -1, -1, -1, -1, 1], [0, 0, 1, -1, -1, -1, 1, 1], [0, 1, 1, -1, 1, 1, -1, 1], [1, 1, 1, -1, 1, 1, -1, 1], [1, 1, 1, 1, -1, 1, 1, 1], [1, 1, 1, 1, 1, 1, 1, 1], [-1, -1, 1, 1, 0, 1, 0, 1], [-1, 1, 1, 1, 0, 0, 0, 0]]]
Use Time: 0.35382938385009766, This step timeout is False
The candidate list of user is: [(0, 3), (1, 1), (1, 1), (1, 1), (2, 0), (2, 0), (6, 4), (6, 4), (6, 6), (6, 6), (7, 4), (7, 5), (0, 3), (0, 3)]
Chessboard output is: 
[[ 0  0  1 -1 -1 -1 -1  1]
 [ 0  0  1 -1 -1 -1  1  1]
 [ 0  1  1 -1  1  1 -1  1]
 [ 1  1  1 -1  1  1 -1  1]
 [ 1  1  1  1 -1  1  1  1]
 [ 1  1  1  1  1  1  1  1]
 [-1 -1  1  1  0  1  0  1]
 [-1  1  1  1  0  0  0  0]]
-----------------
Chessboard input is: 
[[ 0  0  1 -1 -1 -1 -1  1]
 [ 0  0  1 -1 -1 -1  1  1]
 [ 0  1  1 -1  1  1 -1  1]
 [ 1  1  1 -1  1  1 -1  1]
 [ 1  1  1  1 -1  1  1  1]
 [ 1  1  1  1  1  1  1  1]
 [-1 -1  1  1  0  1  0  1]
 [-1  1  1  1  0  0  0  0]]
Chessboard input is: 
[[ 0  0  1 -1 -1 -1 -1  1]
 [ 0  0  1 -1 -1 -1  1  1]
 [ 0  1  1 -1  1  1 -1  1]
 [ 1  1  1 -1  1  1 -1  1]
 [ 1  1  1  1 -1  1  1  1]
 [ 1  1  1  1  1  1  1  1]
 [-1 -1  1  1  0  1  0  1]
 [-1  1  1  1  0  0  0  0]]
['12011014', '-1', '0', 0, 1, -1, [[0, -1, -1, -1, -1, -1, -1, 1], [0, 0, -1, -1, -1, -1, 1, 1], [0, 1, 1, -1, 1, 1, -1, 1], [1, 1, 1, -1, 1, 1, -1, 1], [1, 1, 1, 1, -1, 1, 1, 1], [1, 1, 1, 1, 1, 1, 1, 1], [-1, -1, 1, 1, 0, 1, 0, 1], [-1, 1, 1, 1, 0, 0, 0, 0]]]
Use Time: 0.19837331771850586, This step timeout is False
The candidate list of user is: [(0, 1), (0, 1), (1, 1), (1, 1), (1, 1), (2, 0), (2, 0), (6, 4), (6, 4), (6, 6), (6, 6), (7, 4), (7, 5), (0, 1), (0, 1)]
Chessboard output is: 
[[ 0 -1 -1 -1 -1 -1 -1  1]
 [ 0  0 -1 -1 -1 -1  1  1]
 [ 0  1  1 -1  1  1 -1  1]
 [ 1  1  1 -1  1  1 -1  1]
 [ 1  1  1  1 -1  1  1  1]
 [ 1  1  1  1  1  1  1  1]
 [-1 -1  1  1  0  1  0  1]
 [-1  1  1  1  0  0  0  0]]
-----------------
Chessboard input is: 
[[ 0 -1 -1 -1 -1 -1 -1  1]
 [ 0  0 -1 -1 -1 -1  1  1]
 [ 0  1  1 -1  1  1 -1  1]
 [ 1  1  1 -1  1  1 -1  1]
 [ 1  1  1  1 -1  1  1  1]
 [ 1  1  1  1  1  1  1  1]
 [-1 -1  1  1  0  1  0  1]
 [-1  1  1  1  0  0  0  0]]
['12011014', '-1', '0', 1, 1, 1, [[0, -1, -1, -1, -1, -1, -1, 1], [0, 1, 1, 1, 1, 1, 1, 1], [0, 1, 1, -1, 1, 1, -1, 1], [1, 1, 1, -1, 1, 1, -1, 1], [1, 1, 1, 1, -1, 1, 1, 1], [1, 1, 1, 1, 1, 1, 1, 1], [-1, -1, 1, 1, 0, 1, 0, 1], [-1, 1, 1, 1, 0, 0, 0, 0]]]
Use Time: 0.017955780029296875, This step timeout is False
The candidate list of user is: [(0, 0), (1, 1), (1, 1)]
Chessboard output is: 
[[ 0 -1 -1 -1 -1 -1 -1  1]
 [ 0  1  1  1  1  1  1  1]
 [ 0  1  1 -1  1  1 -1  1]
 [ 1  1  1 -1  1  1 -1  1]
 [ 1  1  1  1 -1  1  1  1]
 [ 1  1  1  1  1  1  1  1]
 [-1 -1  1  1  0  1  0  1]
 [-1  1  1  1  0  0  0  0]]
-----------------
Chessboard input is: 
[[ 0 -1 -1 -1 -1 -1 -1  1]
 [ 0  1  1  1  1  1  1  1]
 [ 0  1  1 -1  1  1 -1  1]
 [ 1  1  1 -1  1  1 -1  1]
 [ 1  1  1  1 -1  1  1  1]
 [ 1  1  1  1  1  1  1  1]
 [-1 -1  1  1  0  1  0  1]
 [-1  1  1  1  0  0  0  0]]
['12011014', '-1', '0', 7, 4, -1, [[0, -1, -1, -1, -1, -1, -1, 1], [0, 1, 1, 1, 1, 1, 1, 1], [0, 1, 1, -1, 1, 1, -1, 1], [1, 1, 1, -1, 1, 1, -1, 1], [1, 1, 1, 1, -1, 1, 1, 1], [1, 1, 1, 1, 1, 1, 1, 1], [-1, -1, 1, 1, 0, 1, 0, 1], [-1, -1, -1, -1, -1, 0, 0, 0]]]
Use Time: 0.0927734375, This step timeout is False
The candidate list of user is: [(0, 0), (2, 0), (2, 0), (2, 0), (6, 4), (6, 4), (6, 6), (6, 6), (7, 4), (7, 5), (7, 4), (7, 4)]
Chessboard output is: 
[[ 0 -1 -1 -1 -1 -1 -1  1]
 [ 0  1  1  1  1  1  1  1]
 [ 0  1  1 -1  1  1 -1  1]
 [ 1  1  1 -1  1  1 -1  1]
 [ 1  1  1  1 -1  1  1  1]
 [ 1  1  1  1  1  1  1  1]
 [-1 -1  1  1  0  1  0  1]
 [-1 -1 -1 -1 -1  0  0  0]]
-----------------
Chessboard input is: 
[[ 0 -1 -1 -1 -1 -1 -1  1]
 [ 0  1  1  1  1  1  1  1]
 [ 0  1  1 -1  1  1 -1  1]
 [ 1  1  1 -1  1  1 -1  1]
 [ 1  1  1  1 -1  1  1  1]
 [ 1  1  1  1  1  1  1  1]
 [-1 -1  1  1  0  1  0  1]
 [-1 -1 -1 -1 -1  0  0  0]]
['12011014', '-1', '0', 0, 0, 1, [[1, 1, 1, 1, 1, 1, 1, 1], [0, 1, 1, 1, 1, 1, 1, 1], [0, 1, 1, -1, 1, 1, -1, 1], [1, 1, 1, -1, 1, 1, -1, 1], [1, 1, 1, 1, -1, 1, 1, 1], [1, 1, 1, 1, 1, 1, 1, 1], [-1, -1, 1, 1, 0, 1, 0, 1], [-1, -1, -1, -1, -1, 0, 0, 0]]]
Use Time: 0.0016238689422607422, This step timeout is False
The candidate list of user is: [(0, 0), (0, 0)]
Chessboard output is: 
[[ 1  1  1  1  1  1  1  1]
 [ 0  1  1  1  1  1  1  1]
 [ 0  1  1 -1  1  1 -1  1]
 [ 1  1  1 -1  1  1 -1  1]
 [ 1  1  1  1 -1  1  1  1]
 [ 1  1  1  1  1  1  1  1]
 [-1 -1  1  1  0  1  0  1]
 [-1 -1 -1 -1 -1  0  0  0]]
-----------------
Chessboard input is: 
[[ 1  1  1  1  1  1  1  1]
 [ 0  1  1  1  1  1  1  1]
 [ 0  1  1 -1  1  1 -1  1]
 [ 1  1  1 -1  1  1 -1  1]
 [ 1  1  1  1 -1  1  1  1]
 [ 1  1  1  1  1  1  1  1]
 [-1 -1  1  1  0  1  0  1]
 [-1 -1 -1 -1 -1  0  0  0]]
['12011014', '-1', '0', 6, 6, -1, [[1, 1, 1, 1, 1, 1, 1, 1], [0, 1, 1, 1, 1, 1, 1, 1], [0, 1, 1, -1, 1, 1, -1, 1], [1, 1, 1, -1, 1, 1, -1, 1], [1, 1, 1, 1, -1, 1, -1, 1], [1, 1, 1, 1, 1, -1, -1, 1], [-1, -1, 1, 1, 0, 1, -1, 1], [-1, -1, -1, -1, -1, 0, 0, 0]]]
Use Time: 0.011608362197875977, This step timeout is False
The candidate list of user is: [(2, 0), (2, 0), (6, 4), (6, 4), (6, 6), (6, 6), (6, 4), (6, 6)]
Chessboard output is: 
[[ 1  1  1  1  1  1  1  1]
 [ 0  1  1  1  1  1  1  1]
 [ 0  1  1 -1  1  1 -1  1]
 [ 1  1  1 -1  1  1 -1  1]
 [ 1  1  1  1 -1  1 -1  1]
 [ 1  1  1  1  1 -1 -1  1]
 [-1 -1  1  1  0  1 -1  1]
 [-1 -1 -1 -1 -1  0  0  0]]
-----------------
Chessboard input is: 
[[ 1  1  1  1  1  1  1  1]
 [ 0  1  1  1  1  1  1  1]
 [ 0  1  1 -1  1  1 -1  1]
 [ 1  1  1 -1  1  1 -1  1]
 [ 1  1  1  1 -1  1 -1  1]
 [ 1  1  1  1  1 -1 -1  1]
 [-1 -1  1  1  0  1 -1  1]
 [-1 -1 -1 -1 -1  0  0  0]]
['12011014', '-1', '0', 6, 4, 1, [[1, 1, 1, 1, 1, 1, 1, 1], [0, 1, 1, 1, 1, 1, 1, 1], [0, 1, 1, -1, 1, 1, -1, 1], [1, 1, 1, -1, 1, 1, -1, 1], [1, 1, 1, 1, -1, 1, 1, 1], [1, 1, 1, 1, 1, 1, -1, 1], [-1, -1, 1, 1, 1, 1, -1, 1], [-1, -1, -1, -1, -1, 0, 0, 0]]]
Use Time: 0.0034978389739990234, This step timeout is False
The candidate list of user is: [(6, 4), (7, 5), (7, 6), (7, 7), (6, 4)]
Chessboard output is: 
[[ 1  1  1  1  1  1  1  1]
 [ 0  1  1  1  1  1  1  1]
 [ 0  1  1 -1  1  1 -1  1]
 [ 1  1  1 -1  1  1 -1  1]
 [ 1  1  1  1 -1  1  1  1]
 [ 1  1  1  1  1  1 -1  1]
 [-1 -1  1  1  1  1 -1  1]
 [-1 -1 -1 -1 -1  0  0  0]]
-----------------
Chessboard input is: 
[[ 1  1  1  1  1  1  1  1]
 [ 0  1  1  1  1  1  1  1]
 [ 0  1  1 -1  1  1 -1  1]
 [ 1  1  1 -1  1  1 -1  1]
 [ 1  1  1  1 -1  1  1  1]
 [ 1  1  1  1  1  1 -1  1]
 [-1 -1  1  1  1  1 -1  1]
 [-1 -1 -1 -1 -1  0  0  0]]
['12011014', '-1', '0', 2, 0, -1, [[1, 1, 1, 1, 1, 1, 1, 1], [0, 1, 1, 1, 1, 1, 1, 1], [-1, -1, -1, -1, 1, 1, -1, 1], [-1, 1, 1, -1, 1, 1, -1, 1], [-1, 1, 1, 1, -1, 1, 1, 1], [-1, 1, 1, 1, 1, 1, -1, 1], [-1, -1, 1, 1, 1, 1, -1, 1], [-1, -1, -1, -1, -1, 0, 0, 0]]]
Use Time: 0.0027277469635009766, This step timeout is False
The candidate list of user is: [(2, 0), (2, 0), (2, 0), (2, 0)]
Chessboard output is: 
[[ 1  1  1  1  1  1  1  1]
 [ 0  1  1  1  1  1  1  1]
 [-1 -1 -1 -1  1  1 -1  1]
 [-1  1  1 -1  1  1 -1  1]
 [-1  1  1  1 -1  1  1  1]
 [-1  1  1  1  1  1 -1  1]
 [-1 -1  1  1  1  1 -1  1]
 [-1 -1 -1 -1 -1  0  0  0]]
-----------------
Chessboard input is: 
[[ 1  1  1  1  1  1  1  1]
 [ 0  1  1  1  1  1  1  1]
 [-1 -1 -1 -1  1  1 -1  1]
 [-1  1  1 -1  1  1 -1  1]
 [-1  1  1  1 -1  1  1  1]
 [-1  1  1  1  1  1 -1  1]
 [-1 -1  1  1  1  1 -1  1]
 [-1 -1 -1 -1 -1  0  0  0]]
['12011014', '-1', '0', 1, 0, 1, [[1, 1, 1, 1, 1, 1, 1, 1], [1, 1, 1, 1, 1, 1, 1, 1], [-1, 1, -1, -1, 1, 1, -1, 1], [-1, 1, 1, -1, 1, 1, -1, 1], [-1, 1, 1, 1, -1, 1, 1, 1], [-1, 1, 1, 1, 1, 1, -1, 1], [-1, -1, 1, 1, 1, 1, -1, 1], [-1, -1, -1, -1, -1, 0, 0, 0]]]
Use Time: 0.0013263225555419922, This step timeout is False
The candidate list of user is: [(1, 0), (7, 5), (7, 6), (7, 7), (1, 0)]
Chessboard output is: 
[[ 1  1  1  1  1  1  1  1]
 [ 1  1  1  1  1  1  1  1]
 [-1  1 -1 -1  1  1 -1  1]
 [-1  1  1 -1  1  1 -1  1]
 [-1  1  1  1 -1  1  1  1]
 [-1  1  1  1  1  1 -1  1]
 [-1 -1  1  1  1  1 -1  1]
 [-1 -1 -1 -1 -1  0  0  0]]
-----------------
Chessboard input is: 
[[ 1  1  1  1  1  1  1  1]
 [ 1  1  1  1  1  1  1  1]
 [-1  1 -1 -1  1  1 -1  1]
 [-1  1  1 -1  1  1 -1  1]
 [-1  1  1  1 -1  1  1  1]
 [-1  1  1  1  1  1 -1  1]
 [-1 -1  1  1  1  1 -1  1]
 [-1 -1 -1 -1 -1  0  0  0]]
['12011014', '-1', '0', 7, 5, -1, [[1, 1, 1, 1, 1, 1, 1, 1], [1, 1, 1, 1, 1, 1, 1, 1], [-1, 1, -1, -1, 1, 1, -1, 1], [-1, -1, 1, -1, 1, 1, -1, 1], [-1, 1, -1, 1, -1, 1, 1, 1], [-1, 1, 1, -1, 1, 1, -1, 1], [-1, -1, 1, 1, -1, 1, -1, 1], [-1, -1, -1, -1, -1, -1, 0, 0]]]
Use Time: 0.0010402202606201172, This step timeout is False
The candidate list of user is: [(7, 5), (7, 5), (7, 5)]
Chessboard output is: 
[[ 1  1  1  1  1  1  1  1]
 [ 1  1  1  1  1  1  1  1]
 [-1  1 -1 -1  1  1 -1  1]
 [-1 -1  1 -1  1  1 -1  1]
 [-1  1 -1  1 -1  1  1  1]
 [-1  1  1 -1  1  1 -1  1]
 [-1 -1  1  1 -1  1 -1  1]
 [-1 -1 -1 -1 -1 -1  0  0]]
-----------------
Chessboard input is: 
[[ 1  1  1  1  1  1  1  1]
 [ 1  1  1  1  1  1  1  1]
 [-1  1 -1 -1  1  1 -1  1]
 [-1 -1  1 -1  1  1 -1  1]
 [-1  1 -1  1 -1  1  1  1]
 [-1  1  1 -1  1  1 -1  1]
 [-1 -1  1  1 -1  1 -1  1]
 [-1 -1 -1 -1 -1 -1  0  0]]
['12011014', '-1', '0', 7, 6, 1, [[1, 1, 1, 1, 1, 1, 1, 1], [1, 1, 1, 1, 1, 1, 1, 1], [-1, 1, -1, -1, 1, 1, -1, 1], [-1, -1, 1, -1, 1, 1, -1, 1], [-1, 1, -1, 1, -1, 1, 1, 1], [-1, 1, 1, -1, 1, 1, 1, 1], [-1, -1, 1, 1, -1, 1, 1, 1], [-1, -1, -1, -1, -1, -1, 1, 0]]]
Use Time: 0.0006177425384521484, This step timeout is False
The candidate list of user is: [(7, 6), (7, 7), (7, 6)]
Chessboard output is: 
[[ 1  1  1  1  1  1  1  1]
 [ 1  1  1  1  1  1  1  1]
 [-1  1 -1 -1  1  1 -1  1]
 [-1 -1  1 -1  1  1 -1  1]
 [-1  1 -1  1 -1  1  1  1]
 [-1  1  1 -1  1  1  1  1]
 [-1 -1  1  1 -1  1  1  1]
 [-1 -1 -1 -1 -1 -1  1  0]]
-----------------
Chessboard input is: 
[[ 1  1  1  1  1  1  1  1]
 [ 1  1  1  1  1  1  1  1]
 [-1  1 -1 -1  1  1 -1  1]
 [-1 -1  1 -1  1  1 -1  1]
 [-1  1 -1  1 -1  1  1  1]
 [-1  1  1 -1  1  1  1  1]
 [-1 -1  1  1 -1  1  1  1]
 [-1 -1 -1 -1 -1 -1  1  0]]
['12011014', '-1', '0', 7, 7, -1, [[1, 1, 1, 1, 1, 1, 1, 1], [1, 1, 1, 1, 1, 1, 1, 1], [-1, 1, -1, -1, 1, 1, -1, 1], [-1, -1, 1, -1, 1, 1, -1, 1], [-1, 1, -1, 1, -1, 1, 1, 1], [-1, 1, 1, -1, 1, -1, 1, 1], [-1, -1, 1, 1, -1, 1, -1, 1], [-1, -1, -1, -1, -1, -1, -1, -1]]]
Use Time: 0.0006783008575439453, This step timeout is False
The candidate list of user is: [(7, 7), (7, 7), (7, 7), (7, 7)]
Chessboard output is: 
[[ 1  1  1  1  1  1  1  1]
 [ 1  1  1  1  1  1  1  1]
 [-1  1 -1 -1  1  1 -1  1]
 [-1 -1  1 -1  1  1 -1  1]
 [-1  1 -1  1 -1  1  1  1]
 [-1  1  1 -1  1 -1  1  1]
 [-1 -1  1  1 -1  1 -1  1]
 [-1 -1 -1 -1 -1 -1 -1 -1]]
-----------------
Winner is -1