Black is 12012308, white is 12011014
white in: /data.12011014
black in: /data.12012308
Chessboard input is: 
[[ 0  0  0  0  0  0  0  0]
 [ 0  0  0  0  0  0  0  0]
 [ 0  0  0  0  0  0  0  0]
 [ 0  0  0  1 -1  0  0  0]
 [ 0  0  0 -1  1  0  0  0]
 [ 0  0  0  0  0  0  0  0]
 [ 0  0  0  0  0  0  0  0]
 [ 0  0  0  0  0  0  0  0]]
['12011014', '-1', '0', 2, 3, -1, [[0, 0, 0, 0, 0, 0, 0, 0], [0, 0, 0, 0, 0, 0, 0, 0], [0, 0, 0, -1, 0, 0, 0, 0], [0, 0, 0, -1, -1, 0, 0, 0], [0, 0, 0, -1, 1, 0, 0, 0], [0, 0, 0, 0, 0, 0, 0, 0], [0, 0, 0, 0, 0, 0, 0, 0], [0, 0, 0, 0, 0, 0, 0, 0]]]
Use Time: 0.25981712341308594, This step timeout is False
The candidate list of user is: [(2, 3), (3, 2), (4, 5), (5, 4), (2, 3)]
Chessboard output is: 
[[ 0  0  0  0  0  0  0  0]
 [ 0  0  0  0  0  0  0  0]
 [ 0  0  0 -1  0  0  0  0]
 [ 0  0  0 -1 -1  0  0  0]
 [ 0  0  0 -1  1  0  0  0]
 [ 0  0  0  0  0  0  0  0]
 [ 0  0  0  0  0  0  0  0]
 [ 0  0  0  0  0  0  0  0]]
-----------------
Chessboard input is: 
[[ 0  0  0  0  0  0  0  0]
 [ 0  0  0  0  0  0  0  0]
 [ 0  0  0 -1  0  0  0  0]
 [ 0  0  0 -1 -1  0  0  0]
 [ 0  0  0 -1  1  0  0  0]
 [ 0  0  0  0  0  0  0  0]
 [ 0  0  0  0  0  0  0  0]
 [ 0  0  0  0  0  0  0  0]]
['12011014', '-1', '0', 4, 2, 1, [[0, 0, 0, 0, 0, 0, 0, 0], [0, 0, 0, 0, 0, 0, 0, 0], [0, 0, 0, -1, 0, 0, 0, 0], [0, 0, 0, -1, -1, 0, 0, 0], [0, 0, 1, 1, 1, 0, 0, 0], [0, 0, 0, 0, 0, 0, 0, 0], [0, 0, 0, 0, 0, 0, 0, 0], [0, 0, 0, 0, 0, 0, 0, 0]]]
Use Time: 3.584662437438965, This step timeout is False
The candidate list of user is: [(2, 2), (2, 4), (4, 2), (4, 2)]
Chessboard output is: 
[[ 0  0  0  0  0  0  0  0]
 [ 0  0  0  0  0  0  0  0]
 [ 0  0  0 -1  0  0  0  0]
 [ 0  0  0 -1 -1  0  0  0]
 [ 0  0  1  1  1  0  0  0]
 [ 0  0  0  0  0  0  0  0]
 [ 0  0  0  0  0  0  0  0]
 [ 0  0  0  0  0  0  0  0]]
-----------------
Chessboard input is: 
[[ 0  0  0  0  0  0  0  0]
 [ 0  0  0  0  0  0  0  0]
 [ 0  0  0 -1  0  0  0  0]
 [ 0  0  0 -1 -1  0  0  0]
 [ 0  0  1  1  1  0  0  0]
 [ 0  0  0  0  0  0  0  0]
 [ 0  0  0  0  0  0  0  0]
 [ 0  0  0  0  0  0  0  0]]
['12011014', '-1', '0', 5, 3, -1, [[0, 0, 0, 0, 0, 0, 0, 0], [0, 0, 0, 0, 0, 0, 0, 0], [0, 0, 0, -1, 0, 0, 0, 0], [0, 0, 0, -1, -1, 0, 0, 0], [0, 0, 1, -1, 1, 0, 0, 0], [0, 0, 0, -1, 0, 0, 0, 0], [0, 0, 0, 0, 0, 0, 0, 0], [0, 0, 0, 0, 0, 0, 0, 0]]]
Use Time: 0.5693180561065674, This step timeout is False
The candidate list of user is: [(5, 1), (5, 2), (5, 3), (5, 4), (5, 5), (5, 1), (5, 2), (5, 3)]
Chessboard output is: 
[[ 0  0  0  0  0  0  0  0]
 [ 0  0  0  0  0  0  0  0]
 [ 0  0  0 -1  0  0  0  0]
 [ 0  0  0 -1 -1  0  0  0]
 [ 0  0  1 -1  1  0  0  0]
 [ 0  0  0 -1  0  0  0  0]
 [ 0  0  0  0  0  0  0  0]
 [ 0  0  0  0  0  0  0  0]]
-----------------
Chessboard input is: 
[[ 0  0  0  0  0  0  0  0]
 [ 0  0  0  0  0  0  0  0]
 [ 0  0  0 -1  0  0  0  0]
 [ 0  0  0 -1 -1  0  0  0]
 [ 0  0  1 -1  1  0  0  0]
 [ 0  0  0 -1  0  0  0  0]
 [ 0  0  0  0  0  0  0  0]
 [ 0  0  0  0  0  0  0  0]]
['12011014', '-1', '0', 2, 2, 1, [[0, 0, 0, 0, 0, 0, 0, 0], [0, 0, 0, 0, 0, 0, 0, 0], [0, 0, 1, -1, 0, 0, 0, 0], [0, 0, 0, 1, -1, 0, 0, 0], [0, 0, 1, -1, 1, 0, 0, 0], [0, 0, 0, -1, 0, 0, 0, 0], [0, 0, 0, 0, 0, 0, 0, 0], [0, 0, 0, 0, 0, 0, 0, 0]]]
Use Time: 0.3971853256225586, This step timeout is False
The candidate list of user is: [(2, 2), (2, 4), (6, 2), (6, 4), (2, 2)]
Chessboard output is: 
[[ 0  0  0  0  0  0  0  0]
 [ 0  0  0  0  0  0  0  0]
 [ 0  0  1 -1  0  0  0  0]
 [ 0  0  0  1 -1  0  0  0]
 [ 0  0  1 -1  1  0  0  0]
 [ 0  0  0 -1  0  0  0  0]
 [ 0  0  0  0  0  0  0  0]
 [ 0  0  0  0  0  0  0  0]]
-----------------
Chessboard input is: 
[[ 0  0  0  0  0  0  0  0]
 [ 0  0  0  0  0  0  0  0]
 [ 0  0  1 -1  0  0  0  0]
 [ 0  0  0  1 -1  0  0  0]
 [ 0  0  1 -1  1  0  0  0]
 [ 0  0  0 -1  0  0  0  0]
 [ 0  0  0  0  0  0  0  0]
 [ 0  0  0  0  0  0  0  0]]
['12011014', '-1', '0', 3, 2, -1, [[0, 0, 0, 0, 0, 0, 0, 0], [0, 0, 0, 0, 0, 0, 0, 0], [0, 0, 1, -1, 0, 0, 0, 0], [0, 0, -1, -1, -1, 0, 0, 0], [0, 0, 1, -1, 1, 0, 0, 0], [0, 0, 0, -1, 0, 0, 0, 0], [0, 0, 0, 0, 0, 0, 0, 0], [0, 0, 0, 0, 0, 0, 0, 0]]]
Use Time: 1.394155740737915, This step timeout is False
The candidate list of user is: [(2, 1), (3, 1), (3, 2), (3, 5), (4, 1), (4, 5), (5, 4), (2, 1), (3, 1), (3, 2)]
Chessboard output is: 
[[ 0  0  0  0  0  0  0  0]
 [ 0  0  0  0  0  0  0  0]
 [ 0  0  1 -1  0  0  0  0]
 [ 0  0 -1 -1 -1  0  0  0]
 [ 0  0  1 -1  1  0  0  0]
 [ 0  0  0 -1  0  0  0  0]
 [ 0  0  0  0  0  0  0  0]
 [ 0  0  0  0  0  0  0  0]]
-----------------
Chessboard input is: 
[[ 0  0  0  0  0  0  0  0]
 [ 0  0  0  0  0  0  0  0]
 [ 0  0  1 -1  0  0  0  0]
 [ 0  0 -1 -1 -1  0  0  0]
 [ 0  0  1 -1  1  0  0  0]
 [ 0  0  0 -1  0  0  0  0]
 [ 0  0  0  0  0  0  0  0]
 [ 0  0  0  0  0  0  0  0]]
['12011014', '-1', '0', 2, 4, 1, [[0, 0, 0, 0, 0, 0, 0, 0], [0, 0, 0, 0, 0, 0, 0, 0], [0, 0, 1, 1, 1, 0, 0, 0], [0, 0, -1, 1, 1, 0, 0, 0], [0, 0, 1, -1, 1, 0, 0, 0], [0, 0, 0, -1, 0, 0, 0, 0], [0, 0, 0, 0, 0, 0, 0, 0], [0, 0, 0, 0, 0, 0, 0, 0]]]
Use Time: 0.6488790512084961, This step timeout is False
The candidate list of user is: [(2, 4), (6, 2), (6, 4), (2, 4)]
Chessboard output is: 
[[ 0  0  0  0  0  0  0  0]
 [ 0  0  0  0  0  0  0  0]
 [ 0  0  1  1  1  0  0  0]
 [ 0  0 -1  1  1  0  0  0]
 [ 0  0  1 -1  1  0  0  0]
 [ 0  0  0 -1  0  0  0  0]
 [ 0  0  0  0  0  0  0  0]
 [ 0  0  0  0  0  0  0  0]]
-----------------
Chessboard input is: 
[[ 0  0  0  0  0  0  0  0]
 [ 0  0  0  0  0  0  0  0]
 [ 0  0  1  1  1  0  0  0]
 [ 0  0 -1  1  1  0  0  0]
 [ 0  0  1 -1  1  0  0  0]
 [ 0  0  0 -1  0  0  0  0]
 [ 0  0  0  0  0  0  0  0]
 [ 0  0  0  0  0  0  0  0]]
['12011014', '-1', '0', 3, 1, -1, [[0, 0, 0, 0, 0, 0, 0, 0], [0, 0, 0, 0, 0, 0, 0, 0], [0, 0, 1, 1, 1, 0, 0, 0], [0, -1, -1, 1, 1, 0, 0, 0], [0, 0, -1, -1, 1, 0, 0, 0], [0, 0, 0, -1, 0, 0, 0, 0], [0, 0, 0, 0, 0, 0, 0, 0], [0, 0, 0, 0, 0, 0, 0, 0]]]
Use Time: 2.5395867824554443, This step timeout is False
The candidate list of user is: [(1, 2), (1, 3), (1, 4), (2, 5), (3, 1), (3, 5), (4, 1), (4, 5), (5, 2), (1, 2), (1, 3), (2, 5), (3, 1)]
Chessboard output is: 
[[ 0  0  0  0  0  0  0  0]
 [ 0  0  0  0  0  0  0  0]
 [ 0  0  1  1  1  0  0  0]
 [ 0 -1 -1  1  1  0  0  0]
 [ 0  0 -1 -1  1  0  0  0]
 [ 0  0  0 -1  0  0  0  0]
 [ 0  0  0  0  0  0  0  0]
 [ 0  0  0  0  0  0  0  0]]
-----------------
Chessboard input is: 
[[ 0  0  0  0  0  0  0  0]
 [ 0  0  0  0  0  0  0  0]
 [ 0  0  1  1  1  0  0  0]
 [ 0 -1 -1  1  1  0  0  0]
 [ 0  0 -1 -1  1  0  0  0]
 [ 0  0  0 -1  0  0  0  0]
 [ 0  0  0  0  0  0  0  0]
 [ 0  0  0  0  0  0  0  0]]
['12011014', '-1', '0', 5, 1, 1, [[0, 0, 0, 0, 0, 0, 0, 0], [0, 0, 0, 0, 0, 0, 0, 0], [0, 0, 1, 1, 1, 0, 0, 0], [0, -1, -1, 1, 1, 0, 0, 0], [0, 0, 1, -1, 1, 0, 0, 0], [0, 1, 0, -1, 0, 0, 0, 0], [0, 0, 0, 0, 0, 0, 0, 0], [0, 0, 0, 0, 0, 0, 0, 0]]]
Use Time: 1.0244388580322266, This step timeout is False
The candidate list of user is: [(3, 0), (4, 0), (4, 1), (5, 1), (5, 2), (6, 2), (6, 3), (5, 1)]
Chessboard output is: 
[[ 0  0  0  0  0  0  0  0]
 [ 0  0  0  0  0  0  0  0]
 [ 0  0  1  1  1  0  0  0]
 [ 0 -1 -1  1  1  0  0  0]
 [ 0  0  1 -1  1  0  0  0]
 [ 0  1  0 -1  0  0  0  0]
 [ 0  0  0  0  0  0  0  0]
 [ 0  0  0  0  0  0  0  0]]
-----------------
Chessboard input is: 
[[ 0  0  0  0  0  0  0  0]
 [ 0  0  0  0  0  0  0  0]
 [ 0  0  1  1  1  0  0  0]
 [ 0 -1 -1  1  1  0  0  0]
 [ 0  0  1 -1  1  0  0  0]
 [ 0  1  0 -1  0  0  0  0]
 [ 0  0  0  0  0  0  0  0]
 [ 0  0  0  0  0  0  0  0]]
['12011014', '-1', '0', 4, 1, -1, [[0, 0, 0, 0, 0, 0, 0, 0], [0, 0, 0, 0, 0, 0, 0, 0], [0, 0, 1, 1, 1, 0, 0, 0], [0, -1, -1, 1, 1, 0, 0, 0], [0, -1, -1, -1, 1, 0, 0, 0], [0, 1, 0, -1, 0, 0, 0, 0], [0, 0, 0, 0, 0, 0, 0, 0], [0, 0, 0, 0, 0, 0, 0, 0]]]
Use Time: 3.447429656982422, This step timeout is False
The candidate list of user is: [(1, 2), (1, 3), (1, 4), (2, 5), (3, 5), (4, 1), (4, 5), (5, 2), (1, 2), (1, 4), (4, 1)]
Chessboard output is: 
[[ 0  0  0  0  0  0  0  0]
 [ 0  0  0  0  0  0  0  0]
 [ 0  0  1  1  1  0  0  0]
 [ 0 -1 -1  1  1  0  0  0]
 [ 0 -1 -1 -1  1  0  0  0]
 [ 0  1  0 -1  0  0  0  0]
 [ 0  0  0  0  0  0  0  0]
 [ 0  0  0  0  0  0  0  0]]
-----------------
Chessboard input is: 
[[ 0  0  0  0  0  0  0  0]
 [ 0  0  0  0  0  0  0  0]
 [ 0  0  1  1  1  0  0  0]
 [ 0 -1 -1  1  1  0  0  0]
 [ 0 -1 -1 -1  1  0  0  0]
 [ 0  1  0 -1  0  0  0  0]
 [ 0  0  0  0  0  0  0  0]
 [ 0  0  0  0  0  0  0  0]]
['12011014', '-1', '0', 4, 0, 1, [[0, 0, 0, 0, 0, 0, 0, 0], [0, 0, 0, 0, 0, 0, 0, 0], [0, 0, 1, 1, 1, 0, 0, 0], [0, 1, -1, 1, 1, 0, 0, 0], [1, 1, 1, 1, 1, 0, 0, 0], [0, 1, 0, -1, 0, 0, 0, 0], [0, 0, 0, 0, 0, 0, 0, 0], [0, 0, 0, 0, 0, 0, 0, 0]]]
Use Time: 0.4081563949584961, This step timeout is False
The candidate list of user is: [(2, 1), (3, 0), (4, 0), (5, 0), (5, 2), (6, 2), (6, 3), (4, 0)]
Chessboard output is: 
[[ 0  0  0  0  0  0  0  0]
 [ 0  0  0  0  0  0  0  0]
 [ 0  0  1  1  1  0  0  0]
 [ 0  1 -1  1  1  0  0  0]
 [ 1  1  1  1  1  0  0  0]
 [ 0  1  0 -1  0  0  0  0]
 [ 0  0  0  0  0  0  0  0]
 [ 0  0  0  0  0  0  0  0]]
-----------------
Chessboard input is: 
[[ 0  0  0  0  0  0  0  0]
 [ 0  0  0  0  0  0  0  0]
 [ 0  0  1  1  1  0  0  0]
 [ 0  1 -1  1  1  0  0  0]
 [ 1  1  1  1  1  0  0  0]
 [ 0  1  0 -1  0  0  0  0]
 [ 0  0  0  0  0  0  0  0]
 [ 0  0  0  0  0  0  0  0]]
['12011014', '-1', '0', 5, 2, -1, [[0, 0, 0, 0, 0, 0, 0, 0], [0, 0, 0, 0, 0, 0, 0, 0], [0, 0, 1, 1, 1, 0, 0, 0], [0, 1, -1, 1, 1, 0, 0, 0], [1, 1, -1, 1, 1, 0, 0, 0], [0, 1, -1, -1, 0, 0, 0, 0], [0, 0, 0, 0, 0, 0, 0, 0], [0, 0, 0, 0, 0, 0, 0, 0]]]
Use Time: 2.2141354084014893, This step timeout is False
The candidate list of user is: [(1, 2), (1, 3), (1, 4), (2, 0), (3, 0), (3, 5), (5, 0), (5, 2), (5, 4), (1, 2), (3, 0), (5, 2)]
Chessboard output is: 
[[ 0  0  0  0  0  0  0  0]
 [ 0  0  0  0  0  0  0  0]
 [ 0  0  1  1  1  0  0  0]
 [ 0  1 -1  1  1  0  0  0]
 [ 1  1 -1  1  1  0  0  0]
 [ 0  1 -1 -1  0  0  0  0]
 [ 0  0  0  0  0  0  0  0]
 [ 0  0  0  0  0  0  0  0]]
-----------------
Chessboard input is: 
[[ 0  0  0  0  0  0  0  0]
 [ 0  0  0  0  0  0  0  0]
 [ 0  0  1  1  1  0  0  0]
 [ 0  1 -1  1  1  0  0  0]
 [ 1  1 -1  1  1  0  0  0]
 [ 0  1 -1 -1  0  0  0  0]
 [ 0  0  0  0  0  0  0  0]
 [ 0  0  0  0  0  0  0  0]]
['12011014', '-1', '0', 6, 1, 1, [[0, 0, 0, 0, 0, 0, 0, 0], [0, 0, 0, 0, 0, 0, 0, 0], [0, 0, 1, 1, 1, 0, 0, 0], [0, 1, -1, 1, 1, 0, 0, 0], [1, 1, -1, 1, 1, 0, 0, 0], [0, 1, 1, -1, 0, 0, 0, 0], [0, 1, 0, 0, 0, 0, 0, 0], [0, 0, 0, 0, 0, 0, 0, 0]]]
Use Time: 1.6275873184204102, This step timeout is False
The candidate list of user is: [(2, 1), (5, 4), (6, 1), (6, 2), (6, 3), (6, 4), (6, 1)]
Chessboard output is: 
[[ 0  0  0  0  0  0  0  0]
 [ 0  0  0  0  0  0  0  0]
 [ 0  0  1  1  1  0  0  0]
 [ 0  1 -1  1  1  0  0  0]
 [ 1  1 -1  1  1  0  0  0]
 [ 0  1  1 -1  0  0  0  0]
 [ 0  1  0  0  0  0  0  0]
 [ 0  0  0  0  0  0  0  0]]
-----------------
Chessboard input is: 
[[ 0  0  0  0  0  0  0  0]
 [ 0  0  0  0  0  0  0  0]
 [ 0  0  1  1  1  0  0  0]
 [ 0  1 -1  1  1  0  0  0]
 [ 1  1 -1  1  1  0  0  0]
 [ 0  1  1 -1  0  0  0  0]
 [ 0  1  0  0  0  0  0  0]
 [ 0  0  0  0  0  0  0  0]]
['12011014', '-1', '0', 6, 0, -1, [[0, 0, 0, 0, 0, 0, 0, 0], [0, 0, 0, 0, 0, 0, 0, 0], [0, 0, 1, 1, 1, 0, 0, 0], [0, 1, -1, 1, 1, 0, 0, 0], [1, 1, -1, 1, 1, 0, 0, 0], [0, -1, 1, -1, 0, 0, 0, 0], [-1, 1, 0, 0, 0, 0, 0, 0], [0, 0, 0, 0, 0, 0, 0, 0]]]
Use Time: 3.5243184566497803, This step timeout is False
The candidate list of user is: [(1, 2), (1, 3), (1, 4), (1, 5), (2, 0), (3, 0), (3, 5), (4, 5), (5, 0), (5, 4), (6, 0), (6, 2), (1, 2), (1, 3), (2, 0), (3, 0), (5, 4), (6, 0)]
Chessboard output is: 
[[ 0  0  0  0  0  0  0  0]
 [ 0  0  0  0  0  0  0  0]
 [ 0  0  1  1  1  0  0  0]
 [ 0  1 -1  1  1  0  0  0]
 [ 1  1 -1  1  1  0  0  0]
 [ 0 -1  1 -1  0  0  0  0]
 [-1  1  0  0  0  0  0  0]
 [ 0  0  0  0  0  0  0  0]]
-----------------
Chessboard input is: 
[[ 0  0  0  0  0  0  0  0]
 [ 0  0  0  0  0  0  0  0]
 [ 0  0  1  1  1  0  0  0]
 [ 0  1 -1  1  1  0  0  0]
 [ 1  1 -1  1  1  0  0  0]
 [ 0 -1  1 -1  0  0  0  0]
 [-1  1  0  0  0  0  0  0]
 [ 0  0  0  0  0  0  0  0]]
['12011014', '-1', '0', 6, 2, 1, [[0, 0, 0, 0, 0, 0, 0, 0], [0, 0, 0, 0, 0, 0, 0, 0], [0, 0, 1, 1, 1, 0, 0, 0], [0, 1, -1, 1, 1, 0, 0, 0], [1, 1, -1, 1, 1, 0, 0, 0], [0, 1, 1, 1, 0, 0, 0, 0], [-1, 1, 1, 0, 0, 0, 0, 0], [0, 0, 0, 0, 0, 0, 0, 0]]]
Use Time: 0.5840432643890381, This step timeout is False
The candidate list of user is: [(2, 1), (5, 0), (5, 4), (6, 2), (6, 3), (6, 4), (6, 2)]
Chessboard output is: 
[[ 0  0  0  0  0  0  0  0]
 [ 0  0  0  0  0  0  0  0]
 [ 0  0  1  1  1  0  0  0]
 [ 0  1 -1  1  1  0  0  0]
 [ 1  1 -1  1  1  0  0  0]
 [ 0  1  1  1  0  0  0  0]
 [-1  1  1  0  0  0  0  0]
 [ 0  0  0  0  0  0  0  0]]
-----------------
Chessboard input is: 
[[ 0  0  0  0  0  0  0  0]
 [ 0  0  0  0  0  0  0  0]
 [ 0  0  1  1  1  0  0  0]
 [ 0  1 -1  1  1  0  0  0]
 [ 1  1 -1  1  1  0  0  0]
 [ 0  1  1  1  0  0  0  0]
 [-1  1  1  0  0  0  0  0]
 [ 0  0  0  0  0  0  0  0]]
['12011014', '-1', '0', 3, 0, -1, [[0, 0, 0, 0, 0, 0, 0, 0], [0, 0, 0, 0, 0, 0, 0, 0], [0, 0, 1, 1, 1, 0, 0, 0], [-1, -1, -1, 1, 1, 0, 0, 0], [1, 1, -1, 1, 1, 0, 0, 0], [0, 1, 1, 1, 0, 0, 0, 0], [-1, 1, 1, 0, 0, 0, 0, 0], [0, 0, 0, 0, 0, 0, 0, 0]]]
Use Time: 1.6389787197113037, This step timeout is False
The candidate list of user is: [(1, 2), (1, 4), (1, 5), (2, 0), (3, 0), (3, 5), (4, 5), (5, 0), (5, 4), (6, 3), (6, 4), (7, 2), (1, 2), (3, 0)]
Chessboard output is: 
[[ 0  0  0  0  0  0  0  0]
 [ 0  0  0  0  0  0  0  0]
 [ 0  0  1  1  1  0  0  0]
 [-1 -1 -1  1  1  0  0  0]
 [ 1  1 -1  1  1  0  0  0]
 [ 0  1  1  1  0  0  0  0]
 [-1  1  1  0  0  0  0  0]
 [ 0  0  0  0  0  0  0  0]]
-----------------
Chessboard input is: 
[[ 0  0  0  0  0  0  0  0]
 [ 0  0  0  0  0  0  0  0]
 [ 0  0  1  1  1  0  0  0]
 [-1 -1 -1  1  1  0  0  0]
 [ 1  1 -1  1  1  0  0  0]
 [ 0  1  1  1  0  0  0  0]
 [-1  1  1  0  0  0  0  0]
 [ 0  0  0  0  0  0  0  0]]
['12011014', '-1', '0', 2, 1, 1, [[0, 0, 0, 0, 0, 0, 0, 0], [0, 0, 0, 0, 0, 0, 0, 0], [0, 1, 1, 1, 1, 0, 0, 0], [-1, 1, 1, 1, 1, 0, 0, 0], [1, 1, -1, 1, 1, 0, 0, 0], [0, 1, 1, 1, 0, 0, 0, 0], [-1, 1, 1, 0, 0, 0, 0, 0], [0, 0, 0, 0, 0, 0, 0, 0]]]
Use Time: 0.29433321952819824, This step timeout is False
The candidate list of user is: [(2, 0), (2, 1), (2, 1)]
Chessboard output is: 
[[ 0  0  0  0  0  0  0  0]
 [ 0  0  0  0  0  0  0  0]
 [ 0  1  1  1  1  0  0  0]
 [-1  1  1  1  1  0  0  0]
 [ 1  1 -1  1  1  0  0  0]
 [ 0  1  1  1  0  0  0  0]
 [-1  1  1  0  0  0  0  0]
 [ 0  0  0  0  0  0  0  0]]
-----------------
Chessboard input is: 
[[ 0  0  0  0  0  0  0  0]
 [ 0  0  0  0  0  0  0  0]
 [ 0  1  1  1  1  0  0  0]
 [-1  1  1  1  1  0  0  0]
 [ 1  1 -1  1  1  0  0  0]
 [ 0  1  1  1  0  0  0  0]
 [-1  1  1  0  0  0  0  0]
 [ 0  0  0  0  0  0  0  0]]
['12011014', '-1', '0', 2, 0, -1, [[0, 0, 0, 0, 0, 0, 0, 0], [0, 0, 0, 0, 0, 0, 0, 0], [-1, 1, 1, 1, 1, 0, 0, 0], [-1, -1, 1, 1, 1, 0, 0, 0], [1, 1, -1, 1, 1, 0, 0, 0], [0, 1, 1, 1, 0, 0, 0, 0], [-1, 1, 1, 0, 0, 0, 0, 0], [0, 0, 0, 0, 0, 0, 0, 0]]]
Use Time: 1.2650785446166992, This step timeout is False
The candidate list of user is: [(1, 2), (1, 5), (2, 0), (3, 5), (4, 5), (5, 0), (6, 3), (6, 4), (7, 2), (1, 2), (1, 5), (2, 0)]
Chessboard output is: 
[[ 0  0  0  0  0  0  0  0]
 [ 0  0  0  0  0  0  0  0]
 [-1  1  1  1  1  0  0  0]
 [-1 -1  1  1  1  0  0  0]
 [ 1  1 -1  1  1  0  0  0]
 [ 0  1  1  1  0  0  0  0]
 [-1  1  1  0  0  0  0  0]
 [ 0  0  0  0  0  0  0  0]]
-----------------
Chessboard input is: 
[[ 0  0  0  0  0  0  0  0]
 [ 0  0  0  0  0  0  0  0]
 [-1  1  1  1  1  0  0  0]
 [-1 -1  1  1  1  0  0  0]
 [ 1  1 -1  1  1  0  0  0]
 [ 0  1  1  1  0  0  0  0]
 [-1  1  1  0  0  0  0  0]
 [ 0  0  0  0  0  0  0  0]]
['12011014', '-1', '0', 1, 0, 1, [[0, 0, 0, 0, 0, 0, 0, 0], [1, 0, 0, 0, 0, 0, 0, 0], [1, 1, 1, 1, 1, 0, 0, 0], [1, -1, 1, 1, 1, 0, 0, 0], [1, 1, -1, 1, 1, 0, 0, 0], [0, 1, 1, 1, 0, 0, 0, 0], [-1, 1, 1, 0, 0, 0, 0, 0], [0, 0, 0, 0, 0, 0, 0, 0]]]
Use Time: 0.6958889961242676, This step timeout is False
The candidate list of user is: [(1, 0), (1, 0)]
Chessboard output is: 
[[ 0  0  0  0  0  0  0  0]
 [ 1  0  0  0  0  0  0  0]
 [ 1  1  1  1  1  0  0  0]
 [ 1 -1  1  1  1  0  0  0]
 [ 1  1 -1  1  1  0  0  0]
 [ 0  1  1  1  0  0  0  0]
 [-1  1  1  0  0  0  0  0]
 [ 0  0  0  0  0  0  0  0]]
-----------------
Chessboard input is: 
[[ 0  0  0  0  0  0  0  0]
 [ 1  0  0  0  0  0  0  0]
 [ 1  1  1  1  1  0  0  0]
 [ 1 -1  1  1  1  0  0  0]
 [ 1  1 -1  1  1  0  0  0]
 [ 0  1  1  1  0  0  0  0]
 [-1  1  1  0  0  0  0  0]
 [ 0  0  0  0  0  0  0  0]]
['12011014', '-1', '0', 7, 1, -1, [[0, 0, 0, 0, 0, 0, 0, 0], [1, 0, 0, 0, 0, 0, 0, 0], [1, 1, 1, 1, 1, 0, 0, 0], [1, -1, 1, 1, 1, 0, 0, 0], [1, -1, -1, 1, 1, 0, 0, 0], [0, -1, 1, 1, 0, 0, 0, 0], [-1, -1, 1, 0, 0, 0, 0, 0], [0, -1, 0, 0, 0, 0, 0, 0]]]
Use Time: 1.0901799201965332, This step timeout is False
The candidate list of user is: [(1, 1), (1, 2), (1, 3), (1, 5), (3, 5), (4, 5), (6, 3), (6, 4), (7, 1), (7, 2), (1, 1), (1, 3), (6, 4), (7, 1)]
Chessboard output is: 
[[ 0  0  0  0  0  0  0  0]
 [ 1  0  0  0  0  0  0  0]
 [ 1  1  1  1  1  0  0  0]
 [ 1 -1  1  1  1  0  0  0]
 [ 1 -1 -1  1  1  0  0  0]
 [ 0 -1  1  1  0  0  0  0]
 [-1 -1  1  0  0  0  0  0]
 [ 0 -1  0  0  0  0  0  0]]
-----------------
Chessboard input is: 
[[ 0  0  0  0  0  0  0  0]
 [ 1  0  0  0  0  0  0  0]
 [ 1  1  1  1  1  0  0  0]
 [ 1 -1  1  1  1  0  0  0]
 [ 1 -1 -1  1  1  0  0  0]
 [ 0 -1  1  1  0  0  0  0]
 [-1 -1  1  0  0  0  0  0]
 [ 0 -1  0  0  0  0  0  0]]
['12011014', '-1', '0', 5, 0, 1, [[0, 0, 0, 0, 0, 0, 0, 0], [1, 0, 0, 0, 0, 0, 0, 0], [1, 1, 1, 1, 1, 0, 0, 0], [1, -1, 1, 1, 1, 0, 0, 0], [1, 1, -1, 1, 1, 0, 0, 0], [1, 1, 1, 1, 0, 0, 0, 0], [-1, -1, 1, 0, 0, 0, 0, 0], [0, -1, 0, 0, 0, 0, 0, 0]]]
Use Time: 0.5387966632843018, This step timeout is False
The candidate list of user is: [(5, 0), (7, 0), (5, 0)]
Chessboard output is: 
[[ 0  0  0  0  0  0  0  0]
 [ 1  0  0  0  0  0  0  0]
 [ 1  1  1  1  1  0  0  0]
 [ 1 -1  1  1  1  0  0  0]
 [ 1  1 -1  1  1  0  0  0]
 [ 1  1  1  1  0  0  0  0]
 [-1 -1  1  0  0  0  0  0]
 [ 0 -1  0  0  0  0  0  0]]
-----------------
Chessboard input is: 
[[ 0  0  0  0  0  0  0  0]
 [ 1  0  0  0  0  0  0  0]
 [ 1  1  1  1  1  0  0  0]
 [ 1 -1  1  1  1  0  0  0]
 [ 1  1 -1  1  1  0  0  0]
 [ 1  1  1  1  0  0  0  0]
 [-1 -1  1  0  0  0  0  0]
 [ 0 -1  0  0  0  0  0  0]]
['12011014', '-1', '0', 6, 3, -1, [[0, 0, 0, 0, 0, 0, 0, 0], [1, 0, 0, 0, 0, 0, 0, 0], [1, 1, 1, 1, 1, 0, 0, 0], [1, -1, 1, 1, 1, 0, 0, 0], [1, 1, -1, 1, 1, 0, 0, 0], [1, 1, 1, 1, 0, 0, 0, 0], [-1, -1, -1, -1, 0, 0, 0, 0], [0, -1, 0, 0, 0, 0, 0, 0]]]
Use Time: 2.2791147232055664, This step timeout is False
The candidate list of user is: [(0, 0), (1, 1), (1, 2), (1, 3), (1, 5), (2, 5), (3, 5), (4, 5), (6, 3), (6, 4), (7, 2), (0, 0), (1, 1), (6, 3)]
Chessboard output is: 
[[ 0  0  0  0  0  0  0  0]
 [ 1  0  0  0  0  0  0  0]
 [ 1  1  1  1  1  0  0  0]
 [ 1 -1  1  1  1  0  0  0]
 [ 1  1 -1  1  1  0  0  0]
 [ 1  1  1  1  0  0  0  0]
 [-1 -1 -1 -1  0  0  0  0]
 [ 0 -1  0  0  0  0  0  0]]
-----------------
Chessboard input is: 
[[ 0  0  0  0  0  0  0  0]
 [ 1  0  0  0  0  0  0  0]
 [ 1  1  1  1  1  0  0  0]
 [ 1 -1  1  1  1  0  0  0]
 [ 1  1 -1  1  1  0  0  0]
 [ 1  1  1  1  0  0  0  0]
 [-1 -1 -1 -1  0  0  0  0]
 [ 0 -1  0  0  0  0  0  0]]
['12011014', '-1', '0', 7, 2, 1, [[0, 0, 0, 0, 0, 0, 0, 0], [1, 0, 0, 0, 0, 0, 0, 0], [1, 1, 1, 1, 1, 0, 0, 0], [1, -1, 1, 1, 1, 0, 0, 0], [1, 1, -1, 1, 1, 0, 0, 0], [1, 1, 1, 1, 0, 0, 0, 0], [-1, 1, 1, -1, 0, 0, 0, 0], [0, -1, 1, 0, 0, 0, 0, 0]]]
Use Time: 0.5825278759002686, This step timeout is False
The candidate list of user is: [(7, 0), (7, 2), (7, 3), (7, 4), (7, 2)]
Chessboard output is: 
[[ 0  0  0  0  0  0  0  0]
 [ 1  0  0  0  0  0  0  0]
 [ 1  1  1  1  1  0  0  0]
 [ 1 -1  1  1  1  0  0  0]
 [ 1  1 -1  1  1  0  0  0]
 [ 1  1  1  1  0  0  0  0]
 [-1  1  1 -1  0  0  0  0]
 [ 0 -1  1  0  0  0  0  0]]
-----------------
Chessboard input is: 
[[ 0  0  0  0  0  0  0  0]
 [ 1  0  0  0  0  0  0  0]
 [ 1  1  1  1  1  0  0  0]
 [ 1 -1  1  1  1  0  0  0]
 [ 1  1 -1  1  1  0  0  0]
 [ 1  1  1  1  0  0  0  0]
 [-1  1  1 -1  0  0  0  0]
 [ 0 -1  1  0  0  0  0  0]]
['12011014', '-1', '0', 6, 4, -1, [[0, 0, 0, 0, 0, 0, 0, 0], [1, 0, 0, 0, 0, 0, 0, 0], [1, 1, 1, 1, 1, 0, 0, 0], [1, -1, 1, 1, 1, 0, 0, 0], [1, 1, -1, 1, 1, 0, 0, 0], [1, 1, 1, -1, 0, 0, 0, 0], [-1, 1, 1, -1, -1, 0, 0, 0], [0, -1, 1, 0, 0, 0, 0, 0]]]
Use Time: 2.0923409461975098, This step timeout is False
The candidate list of user is: [(0, 0), (1, 1), (1, 2), (1, 3), (1, 5), (3, 5), (4, 5), (6, 4), (7, 3), (0, 0), (1, 1), (6, 4)]
Chessboard output is: 
[[ 0  0  0  0  0  0  0  0]
 [ 1  0  0  0  0  0  0  0]
 [ 1  1  1  1  1  0  0  0]
 [ 1 -1  1  1  1  0  0  0]
 [ 1  1 -1  1  1  0  0  0]
 [ 1  1  1 -1  0  0  0  0]
 [-1  1  1 -1 -1  0  0  0]
 [ 0 -1  1  0  0  0  0  0]]
-----------------
Chessboard input is: 
[[ 0  0  0  0  0  0  0  0]
 [ 1  0  0  0  0  0  0  0]
 [ 1  1  1  1  1  0  0  0]
 [ 1 -1  1  1  1  0  0  0]
 [ 1  1 -1  1  1  0  0  0]
 [ 1  1  1 -1  0  0  0  0]
 [-1  1  1 -1 -1  0  0  0]
 [ 0 -1  1  0  0  0  0  0]]
['12011014', '-1', '0', 7, 4, 1, [[0, 0, 0, 0, 0, 0, 0, 0], [1, 0, 0, 0, 0, 0, 0, 0], [1, 1, 1, 1, 1, 0, 0, 0], [1, -1, 1, 1, 1, 0, 0, 0], [1, 1, -1, 1, 1, 0, 0, 0], [1, 1, 1, -1, 0, 0, 0, 0], [-1, 1, 1, 1, -1, 0, 0, 0], [0, -1, 1, 0, 1, 0, 0, 0]]]
Use Time: 0.3963592052459717, This step timeout is False
The candidate list of user is: [(5, 4), (6, 5), (7, 0), (7, 3), (7, 4), (7, 5), (7, 4)]
Chessboard output is: 
[[ 0  0  0  0  0  0  0  0]
 [ 1  0  0  0  0  0  0  0]
 [ 1  1  1  1  1  0  0  0]
 [ 1 -1  1  1  1  0  0  0]
 [ 1  1 -1  1  1  0  0  0]
 [ 1  1  1 -1  0  0  0  0]
 [-1  1  1  1 -1  0  0  0]
 [ 0 -1  1  0  1  0  0  0]]
-----------------
Chessboard input is: 
[[ 0  0  0  0  0  0  0  0]
 [ 1  0  0  0  0  0  0  0]
 [ 1  1  1  1  1  0  0  0]
 [ 1 -1  1  1  1  0  0  0]
 [ 1  1 -1  1  1  0  0  0]
 [ 1  1  1 -1  0  0  0  0]
 [-1  1  1  1 -1  0  0  0]
 [ 0 -1  1  0  1  0  0  0]]
['12011014', '-1', '0', 1, 1, -1, [[0, 0, 0, 0, 0, 0, 0, 0], [1, -1, 0, 0, 0, 0, 0, 0], [1, -1, 1, 1, 1, 0, 0, 0], [1, -1, 1, 1, 1, 0, 0, 0], [1, 1, -1, 1, 1, 0, 0, 0], [1, 1, 1, -1, 0, 0, 0, 0], [-1, 1, 1, 1, -1, 0, 0, 0], [0, -1, 1, 0, 1, 0, 0, 0]]]
Use Time: 1.6993191242218018, This step timeout is False
The candidate list of user is: [(0, 0), (1, 1), (1, 2), (1, 3), (1, 5), (3, 5), (4, 5), (7, 3), (0, 0), (1, 1)]
Chessboard output is: 
[[ 0  0  0  0  0  0  0  0]
 [ 1 -1  0  0  0  0  0  0]
 [ 1 -1  1  1  1  0  0  0]
 [ 1 -1  1  1  1  0  0  0]
 [ 1  1 -1  1  1  0  0  0]
 [ 1  1  1 -1  0  0  0  0]
 [-1  1  1  1 -1  0  0  0]
 [ 0 -1  1  0  1  0  0  0]]
-----------------
Chessboard input is: 
[[ 0  0  0  0  0  0  0  0]
 [ 1 -1  0  0  0  0  0  0]
 [ 1 -1  1  1  1  0  0  0]
 [ 1 -1  1  1  1  0  0  0]
 [ 1  1 -1  1  1  0  0  0]
 [ 1  1  1 -1  0  0  0  0]
 [-1  1  1  1 -1  0  0  0]
 [ 0 -1  1  0  1  0  0  0]]
['12011014', '-1', '0', 0, 1, 1, [[0, 1, 0, 0, 0, 0, 0, 0], [1, 1, 0, 0, 0, 0, 0, 0], [1, 1, 1, 1, 1, 0, 0, 0], [1, 1, 1, 1, 1, 0, 0, 0], [1, 1, -1, 1, 1, 0, 0, 0], [1, 1, 1, -1, 0, 0, 0, 0], [-1, 1, 1, 1, -1, 0, 0, 0], [0, -1, 1, 0, 1, 0, 0, 0]]]
Use Time: 0.21412038803100586, This step timeout is False
The candidate list of user is: [(0, 0), (0, 1), (0, 2), (1, 2), (5, 4), (6, 5), (7, 0), (7, 5), (0, 1)]
Chessboard output is: 
[[ 0  1  0  0  0  0  0  0]
 [ 1  1  0  0  0  0  0  0]
 [ 1  1  1  1  1  0  0  0]
 [ 1  1  1  1  1  0  0  0]
 [ 1  1 -1  1  1  0  0  0]
 [ 1  1  1 -1  0  0  0  0]
 [-1  1  1  1 -1  0  0  0]
 [ 0 -1  1  0  1  0  0  0]]
-----------------
Chessboard input is: 
[[ 0  1  0  0  0  0  0  0]
 [ 1  1  0  0  0  0  0  0]
 [ 1  1  1  1  1  0  0  0]
 [ 1  1  1  1  1  0  0  0]
 [ 1  1 -1  1  1  0  0  0]
 [ 1  1  1 -1  0  0  0  0]
 [-1  1  1  1 -1  0  0  0]
 [ 0 -1  1  0  1  0  0  0]]
['12011014', '-1', '0', 1, 2, -1, [[0, 1, 0, 0, 0, 0, 0, 0], [1, 1, -1, 0, 0, 0, 0, 0], [1, 1, -1, 1, 1, 0, 0, 0], [1, 1, -1, 1, 1, 0, 0, 0], [1, 1, -1, 1, 1, 0, 0, 0], [1, 1, 1, -1, 0, 0, 0, 0], [-1, 1, 1, 1, -1, 0, 0, 0], [0, -1, 1, 0, 1, 0, 0, 0]]]
Use Time: 1.4482598304748535, This step timeout is False
The candidate list of user is: [(0, 0), (1, 2), (1, 3), (1, 5), (3, 5), (4, 5), (7, 3), (0, 0), (1, 2)]
Chessboard output is: 
[[ 0  1  0  0  0  0  0  0]
 [ 1  1 -1  0  0  0  0  0]
 [ 1  1 -1  1  1  0  0  0]
 [ 1  1 -1  1  1  0  0  0]
 [ 1  1 -1  1  1  0  0  0]
 [ 1  1  1 -1  0  0  0  0]
 [-1  1  1  1 -1  0  0  0]
 [ 0 -1  1  0  1  0  0  0]]
-----------------
Chessboard input is: 
[[ 0  1  0  0  0  0  0  0]
 [ 1  1 -1  0  0  0  0  0]
 [ 1  1 -1  1  1  0  0  0]
 [ 1  1 -1  1  1  0  0  0]
 [ 1  1 -1  1  1  0  0  0]
 [ 1  1  1 -1  0  0  0  0]
 [-1  1  1  1 -1  0  0  0]
 [ 0 -1  1  0  1  0  0  0]]
['12011014', '-1', '0', 0, 3, 1, [[0, 1, 0, 1, 0, 0, 0, 0], [1, 1, 1, 0, 0, 0, 0, 0], [1, 1, -1, 1, 1, 0, 0, 0], [1, 1, -1, 1, 1, 0, 0, 0], [1, 1, -1, 1, 1, 0, 0, 0], [1, 1, 1, -1, 0, 0, 0, 0], [-1, 1, 1, 1, -1, 0, 0, 0], [0, -1, 1, 0, 1, 0, 0, 0]]]
Use Time: 0.10563039779663086, This step timeout is False
The candidate list of user is: [(0, 2), (0, 3), (1, 3), (5, 4), (6, 5), (7, 0), (7, 5), (0, 3)]
Chessboard output is: 
[[ 0  1  0  1  0  0  0  0]
 [ 1  1  1  0  0  0  0  0]
 [ 1  1 -1  1  1  0  0  0]
 [ 1  1 -1  1  1  0  0  0]
 [ 1  1 -1  1  1  0  0  0]
 [ 1  1  1 -1  0  0  0  0]
 [-1  1  1  1 -1  0  0  0]
 [ 0 -1  1  0  1  0  0  0]]
-----------------
Chessboard input is: 
[[ 0  1  0  1  0  0  0  0]
 [ 1  1  1  0  0  0  0  0]
 [ 1  1 -1  1  1  0  0  0]
 [ 1  1 -1  1  1  0  0  0]
 [ 1  1 -1  1  1  0  0  0]
 [ 1  1  1 -1  0  0  0  0]
 [-1  1  1  1 -1  0  0  0]
 [ 0 -1  1  0  1  0  0  0]]
['12011014', '-1', '0', 5, 4, -1, [[0, 1, 0, 1, 0, 0, 0, 0], [1, 1, 1, 0, 0, 0, 0, 0], [1, 1, -1, 1, 1, 0, 0, 0], [1, 1, -1, 1, 1, 0, 0, 0], [1, 1, -1, -1, 1, 0, 0, 0], [1, 1, 1, -1, -1, 0, 0, 0], [-1, 1, 1, 1, -1, 0, 0, 0], [0, -1, 1, 0, 1, 0, 0, 0]]]
Use Time: 2.0564990043640137, This step timeout is False
The candidate list of user is: [(0, 0), (0, 2), (1, 3), (1, 4), (1, 5), (2, 5), (3, 5), (4, 5), (5, 4), (5, 5), (7, 3), (0, 0), (0, 2), (5, 4)]
Chessboard output is: 
[[ 0  1  0  1  0  0  0  0]
 [ 1  1  1  0  0  0  0  0]
 [ 1  1 -1  1  1  0  0  0]
 [ 1  1 -1  1  1  0  0  0]
 [ 1  1 -1 -1  1  0  0  0]
 [ 1  1  1 -1 -1  0  0  0]
 [-1  1  1  1 -1  0  0  0]
 [ 0 -1  1  0  1  0  0  0]]
-----------------
Chessboard input is: 
[[ 0  1  0  1  0  0  0  0]
 [ 1  1  1  0  0  0  0  0]
 [ 1  1 -1  1  1  0  0  0]
 [ 1  1 -1  1  1  0  0  0]
 [ 1  1 -1 -1  1  0  0  0]
 [ 1  1  1 -1 -1  0  0  0]
 [-1  1  1  1 -1  0  0  0]
 [ 0 -1  1  0  1  0  0  0]]
['12011014', '-1', '0', 4, 5, 1, [[0, 1, 0, 1, 0, 0, 0, 0], [1, 1, 1, 0, 0, 0, 0, 0], [1, 1, -1, 1, 1, 0, 0, 0], [1, 1, -1, 1, 1, 0, 0, 0], [1, 1, -1, -1, 1, 1, 0, 0], [1, 1, 1, -1, 1, 0, 0, 0], [-1, 1, 1, 1, -1, 0, 0, 0], [0, -1, 1, 0, 1, 0, 0, 0]]]
Use Time: 0.17889118194580078, This step timeout is False
The candidate list of user is: [(1, 3), (4, 5), (5, 5), (6, 5), (7, 0), (7, 5), (4, 5)]
Chessboard output is: 
[[ 0  1  0  1  0  0  0  0]
 [ 1  1  1  0  0  0  0  0]
 [ 1  1 -1  1  1  0  0  0]
 [ 1  1 -1  1  1  0  0  0]
 [ 1  1 -1 -1  1  1  0  0]
 [ 1  1  1 -1  1  0  0  0]
 [-1  1  1  1 -1  0  0  0]
 [ 0 -1  1  0  1  0  0  0]]
-----------------
Chessboard input is: 
[[ 0  1  0  1  0  0  0  0]
 [ 1  1  1  0  0  0  0  0]
 [ 1  1 -1  1  1  0  0  0]
 [ 1  1 -1  1  1  0  0  0]
 [ 1  1 -1 -1  1  1  0  0]
 [ 1  1  1 -1  1  0  0  0]
 [-1  1  1  1 -1  0  0  0]
 [ 0 -1  1  0  1  0  0  0]]
['12011014', '-1', '0', 0, 2, -1, [[0, 1, -1, 1, 0, 0, 0, 0], [1, 1, -1, 0, 0, 0, 0, 0], [1, 1, -1, 1, 1, 0, 0, 0], [1, 1, -1, 1, 1, 0, 0, 0], [1, 1, -1, -1, 1, 1, 0, 0], [1, 1, 1, -1, 1, 0, 0, 0], [-1, 1, 1, 1, -1, 0, 0, 0], [0, -1, 1, 0, 1, 0, 0, 0]]]
Use Time: 1.9211821556091309, This step timeout is False
The candidate list of user is: [(0, 0), (0, 2), (1, 3), (1, 4), (1, 5), (2, 5), (3, 5), (4, 6), (5, 5), (6, 5), (7, 0), (7, 3), (0, 0), (0, 2)]
Chessboard output is: 
[[ 0  1 -1  1  0  0  0  0]
 [ 1  1 -1  0  0  0  0  0]
 [ 1  1 -1  1  1  0  0  0]
 [ 1  1 -1  1  1  0  0  0]
 [ 1  1 -1 -1  1  1  0  0]
 [ 1  1  1 -1  1  0  0  0]
 [-1  1  1  1 -1  0  0  0]
 [ 0 -1  1  0  1  0  0  0]]
-----------------
Chessboard input is: 
[[ 0  1 -1  1  0  0  0  0]
 [ 1  1 -1  0  0  0  0  0]
 [ 1  1 -1  1  1  0  0  0]
 [ 1  1 -1  1  1  0  0  0]
 [ 1  1 -1 -1  1  1  0  0]
 [ 1  1  1 -1  1  0  0  0]
 [-1  1  1  1 -1  0  0  0]
 [ 0 -1  1  0  1  0  0  0]]
['12011014', '-1', '0', 1, 3, 1, [[0, 1, -1, 1, 0, 0, 0, 0], [1, 1, 1, 1, 0, 0, 0, 0], [1, 1, 1, 1, 1, 0, 0, 0], [1, 1, -1, 1, 1, 0, 0, 0], [1, 1, -1, -1, 1, 1, 0, 0], [1, 1, 1, -1, 1, 0, 0, 0], [-1, 1, 1, 1, -1, 0, 0, 0], [0, -1, 1, 0, 1, 0, 0, 0]]]
Use Time: 0.1827106475830078, This step timeout is False
The candidate list of user is: [(1, 3), (6, 5), (7, 0), (7, 5), (1, 3)]
Chessboard output is: 
[[ 0  1 -1  1  0  0  0  0]
 [ 1  1  1  1  0  0  0  0]
 [ 1  1  1  1  1  0  0  0]
 [ 1  1 -1  1  1  0  0  0]
 [ 1  1 -1 -1  1  1  0  0]
 [ 1  1  1 -1  1  0  0  0]
 [-1  1  1  1 -1  0  0  0]
 [ 0 -1  1  0  1  0  0  0]]
-----------------
Chessboard input is: 
[[ 0  1 -1  1  0  0  0  0]
 [ 1  1  1  1  0  0  0  0]
 [ 1  1  1  1  1  0  0  0]
 [ 1  1 -1  1  1  0  0  0]
 [ 1  1 -1 -1  1  1  0  0]
 [ 1  1  1 -1  1  0  0  0]
 [-1  1  1  1 -1  0  0  0]
 [ 0 -1  1  0  1  0  0  0]]
['12011014', '-1', '0', 7, 3, -1, [[0, 1, -1, 1, 0, 0, 0, 0], [1, 1, 1, 1, 0, 0, 0, 0], [1, 1, 1, 1, 1, 0, 0, 0], [1, 1, -1, 1, 1, 0, 0, 0], [1, 1, -1, -1, 1, 1, 0, 0], [1, 1, 1, -1, 1, 0, 0, 0], [-1, 1, 1, -1, -1, 0, 0, 0], [0, -1, -1, -1, 1, 0, 0, 0]]]
Use Time: 1.6408710479736328, This step timeout is False
The candidate list of user is: [(0, 0), (0, 4), (1, 4), (1, 5), (2, 5), (3, 5), (4, 6), (5, 5), (6, 5), (7, 0), (7, 3), (0, 0), (0, 4), (7, 3)]
Chessboard output is: 
[[ 0  1 -1  1  0  0  0  0]
 [ 1  1  1  1  0  0  0  0]
 [ 1  1  1  1  1  0  0  0]
 [ 1  1 -1  1  1  0  0  0]
 [ 1  1 -1 -1  1  1  0  0]
 [ 1  1  1 -1  1  0  0  0]
 [-1  1  1 -1 -1  0  0  0]
 [ 0 -1 -1 -1  1  0  0  0]]
-----------------
Chessboard input is: 
[[ 0  1 -1  1  0  0  0  0]
 [ 1  1  1  1  0  0  0  0]
 [ 1  1  1  1  1  0  0  0]
 [ 1  1 -1  1  1  0  0  0]
 [ 1  1 -1 -1  1  1  0  0]
 [ 1  1  1 -1  1  0  0  0]
 [-1  1  1 -1 -1  0  0  0]
 [ 0 -1 -1 -1  1  0  0  0]]
['12011014', '-1', '0', 7, 5, 1, [[0, 1, -1, 1, 0, 0, 0, 0], [1, 1, 1, 1, 0, 0, 0, 0], [1, 1, 1, 1, 1, 0, 0, 0], [1, 1, -1, 1, 1, 0, 0, 0], [1, 1, 1, -1, 1, 1, 0, 0], [1, 1, 1, 1, 1, 0, 0, 0], [-1, 1, 1, -1, 1, 0, 0, 0], [0, -1, -1, -1, 1, 1, 0, 0]]]
Use Time: 0.14684462547302246, This step timeout is False
The candidate list of user is: [(6, 5), (7, 0), (7, 5), (7, 5)]
Chessboard output is: 
[[ 0  1 -1  1  0  0  0  0]
 [ 1  1  1  1  0  0  0  0]
 [ 1  1  1  1  1  0  0  0]
 [ 1  1 -1  1  1  0  0  0]
 [ 1  1  1 -1  1  1  0  0]
 [ 1  1  1  1  1  0  0  0]
 [-1  1  1 -1  1  0  0  0]
 [ 0 -1 -1 -1  1  1  0  0]]
-----------------
Chessboard input is: 
[[ 0  1 -1  1  0  0  0  0]
 [ 1  1  1  1  0  0  0  0]
 [ 1  1  1  1  1  0  0  0]
 [ 1  1 -1  1  1  0  0  0]
 [ 1  1  1 -1  1  1  0  0]
 [ 1  1  1  1  1  0  0  0]
 [-1  1  1 -1  1  0  0  0]
 [ 0 -1 -1 -1  1  1  0  0]]
['12011014', '-1', '0', 7, 6, -1, [[0, 1, -1, 1, 0, 0, 0, 0], [1, 1, 1, 1, 0, 0, 0, 0], [1, 1, 1, 1, 1, 0, 0, 0], [1, 1, -1, 1, 1, 0, 0, 0], [1, 1, 1, -1, 1, 1, 0, 0], [1, 1, 1, 1, 1, 0, 0, 0], [-1, 1, 1, -1, 1, 0, 0, 0], [0, -1, -1, -1, -1, -1, -1, 0]]]
Use Time: 0.8482260704040527, This step timeout is False
The candidate list of user is: [(0, 0), (0, 4), (1, 4), (1, 5), (2, 5), (3, 5), (3, 6), (4, 6), (5, 5), (6, 5), (7, 0), (7, 6), (0, 0), (0, 4), (7, 6)]
Chessboard output is: 
[[ 0  1 -1  1  0  0  0  0]
 [ 1  1  1  1  0  0  0  0]
 [ 1  1  1  1  1  0  0  0]
 [ 1  1 -1  1  1  0  0  0]
 [ 1  1  1 -1  1  1  0  0]
 [ 1  1  1  1  1  0  0  0]
 [-1  1  1 -1  1  0  0  0]
 [ 0 -1 -1 -1 -1 -1 -1  0]]
-----------------
Chessboard input is: 
[[ 0  1 -1  1  0  0  0  0]
 [ 1  1  1  1  0  0  0  0]
 [ 1  1  1  1  1  0  0  0]
 [ 1  1 -1  1  1  0  0  0]
 [ 1  1  1 -1  1  1  0  0]
 [ 1  1  1  1  1  0  0  0]
 [-1  1  1 -1  1  0  0  0]
 [ 0 -1 -1 -1 -1 -1 -1  0]]
['12011014', '-1', '0', 7, 0, 1, [[0, 1, -1, 1, 0, 0, 0, 0], [1, 1, 1, 1, 0, 0, 0, 0], [1, 1, 1, 1, 1, 0, 0, 0], [1, 1, -1, 1, 1, 0, 0, 0], [1, 1, 1, -1, 1, 1, 0, 0], [1, 1, 1, 1, 1, 0, 0, 0], [1, 1, 1, -1, 1, 0, 0, 0], [1, -1, -1, -1, -1, -1, -1, 0]]]
Use Time: 0.042885541915893555, This step timeout is False
The candidate list of user is: [(7, 0), (7, 0)]
Chessboard output is: 
[[ 0  1 -1  1  0  0  0  0]
 [ 1  1  1  1  0  0  0  0]
 [ 1  1  1  1  1  0  0  0]
 [ 1  1 -1  1  1  0  0  0]
 [ 1  1  1 -1  1  1  0  0]
 [ 1  1  1  1  1  0  0  0]
 [ 1  1  1 -1  1  0  0  0]
 [ 1 -1 -1 -1 -1 -1 -1  0]]
-----------------
Chessboard input is: 
[[ 0  1 -1  1  0  0  0  0]
 [ 1  1  1  1  0  0  0  0]
 [ 1  1  1  1  1  0  0  0]
 [ 1  1 -1  1  1  0  0  0]
 [ 1  1  1 -1  1  1  0  0]
 [ 1  1  1  1  1  0  0  0]
 [ 1  1  1 -1  1  0  0  0]
 [ 1 -1 -1 -1 -1 -1 -1  0]]
['12011014', '-1', '0', 0, 0, -1, [[-1, -1, -1, 1, 0, 0, 0, 0], [1, 1, 1, 1, 0, 0, 0, 0], [1, 1, 1, 1, 1, 0, 0, 0], [1, 1, -1, 1, 1, 0, 0, 0], [1, 1, 1, -1, 1, 1, 0, 0], [1, 1, 1, 1, 1, 0, 0, 0], [1, 1, 1, -1, 1, 0, 0, 0], [1, -1, -1, -1, -1, -1, -1, 0]]]
Use Time: 0.7007169723510742, This step timeout is False
The candidate list of user is: [(0, 0), (0, 4), (1, 4), (2, 5), (3, 5), (3, 6), (4, 6), (5, 5), (6, 5), (0, 0)]
Chessboard output is: 
[[-1 -1 -1  1  0  0  0  0]
 [ 1  1  1  1  0  0  0  0]
 [ 1  1  1  1  1  0  0  0]
 [ 1  1 -1  1  1  0  0  0]
 [ 1  1  1 -1  1  1  0  0]
 [ 1  1  1  1  1  0  0  0]
 [ 1  1  1 -1  1  0  0  0]
 [ 1 -1 -1 -1 -1 -1 -1  0]]
-----------------
Chessboard input is: 
[[-1 -1 -1  1  0  0  0  0]
 [ 1  1  1  1  0  0  0  0]
 [ 1  1  1  1  1  0  0  0]
 [ 1  1 -1  1  1  0  0  0]
 [ 1  1  1 -1  1  1  0  0]
 [ 1  1  1  1  1  0  0  0]
 [ 1  1  1 -1  1  0  0  0]
 [ 1 -1 -1 -1 -1 -1 -1  0]]
['12011014', '-1', '0', 7, 7, 1, [[-1, -1, -1, 1, 0, 0, 0, 0], [1, 1, 1, 1, 0, 0, 0, 0], [1, 1, 1, 1, 1, 0, 0, 0], [1, 1, -1, 1, 1, 0, 0, 0], [1, 1, 1, -1, 1, 1, 0, 0], [1, 1, 1, 1, 1, 0, 0, 0], [1, 1, 1, -1, 1, 0, 0, 0], [1, 1, 1, 1, 1, 1, 1, 1]]]
Use Time: 0.06813931465148926, This step timeout is False
The candidate list of user is: [(7, 7), (7, 7)]
Chessboard output is: 
[[-1 -1 -1  1  0  0  0  0]
 [ 1  1  1  1  0  0  0  0]
 [ 1  1  1  1  1  0  0  0]
 [ 1  1 -1  1  1  0  0  0]
 [ 1  1  1 -1  1  1  0  0]
 [ 1  1  1  1  1  0  0  0]
 [ 1  1  1 -1  1  0  0  0]
 [ 1  1  1  1  1  1  1  1]]
-----------------
Chessboard input is: 
[[-1 -1 -1  1  0  0  0  0]
 [ 1  1  1  1  0  0  0  0]
 [ 1  1  1  1  1  0  0  0]
 [ 1  1 -1  1  1  0  0  0]
 [ 1  1  1 -1  1  1  0  0]
 [ 1  1  1  1  1  0  0  0]
 [ 1  1  1 -1  1  0  0  0]
 [ 1  1  1  1  1  1  1  1]]
['12011014', '-1', '0', 1, 4, -1, [[-1, -1, -1, 1, 0, 0, 0, 0], [1, 1, 1, 1, -1, 0, 0, 0], [1, 1, 1, -1, 1, 0, 0, 0], [1, 1, -1, 1, 1, 0, 0, 0], [1, 1, 1, -1, 1, 1, 0, 0], [1, 1, 1, 1, 1, 0, 0, 0], [1, 1, 1, -1, 1, 0, 0, 0], [1, 1, 1, 1, 1, 1, 1, 1]]]
Use Time: 0.5669715404510498, This step timeout is False
The candidate list of user is: [(0, 4), (1, 4), (2, 5), (3, 5), (3, 6), (4, 6), (5, 5), (5, 6), (6, 5), (0, 4), (1, 4)]
Chessboard output is: 
[[-1 -1 -1  1  0  0  0  0]
 [ 1  1  1  1 -1  0  0  0]
 [ 1  1  1 -1  1  0  0  0]
 [ 1  1 -1  1  1  0  0  0]
 [ 1  1  1 -1  1  1  0  0]
 [ 1  1  1  1  1  0  0  0]
 [ 1  1  1 -1  1  0  0  0]
 [ 1  1  1  1  1  1  1  1]]
-----------------
Chessboard input is: 
[[-1 -1 -1  1  0  0  0  0]
 [ 1  1  1  1 -1  0  0  0]
 [ 1  1  1 -1  1  0  0  0]
 [ 1  1 -1  1  1  0  0  0]
 [ 1  1  1 -1  1  1  0  0]
 [ 1  1  1  1  1  0  0  0]
 [ 1  1  1 -1  1  0  0  0]
 [ 1  1  1  1  1  1  1  1]]
['12011014', '-1', '0', 1, 5, 1, [[-1, -1, -1, 1, 0, 0, 0, 0], [1, 1, 1, 1, 1, 1, 0, 0], [1, 1, 1, -1, 1, 0, 0, 0], [1, 1, -1, 1, 1, 0, 0, 0], [1, 1, 1, -1, 1, 1, 0, 0], [1, 1, 1, 1, 1, 0, 0, 0], [1, 1, 1, -1, 1, 0, 0, 0], [1, 1, 1, 1, 1, 1, 1, 1]]]
Use Time: 0.0783383846282959, This step timeout is False
The candidate list of user is: [(0, 4), (0, 5), (1, 5), (2, 5), (1, 5)]
Chessboard output is: 
[[-1 -1 -1  1  0  0  0  0]
 [ 1  1  1  1  1  1  0  0]
 [ 1  1  1 -1  1  0  0  0]
 [ 1  1 -1  1  1  0  0  0]
 [ 1  1  1 -1  1  1  0  0]
 [ 1  1  1  1  1  0  0  0]
 [ 1  1  1 -1  1  0  0  0]
 [ 1  1  1  1  1  1  1  1]]
-----------------
Chessboard input is: 
[[-1 -1 -1  1  0  0  0  0]
 [ 1  1  1  1  1  1  0  0]
 [ 1  1  1 -1  1  0  0  0]
 [ 1  1 -1  1  1  0  0  0]
 [ 1  1  1 -1  1  1  0  0]
 [ 1  1  1  1  1  0  0  0]
 [ 1  1  1 -1  1  0  0  0]
 [ 1  1  1  1  1  1  1  1]]
['12011014', '-1', '0', 2, 5, -1, [[-1, -1, -1, 1, 0, 0, 0, 0], [1, 1, 1, 1, 1, 1, 0, 0], [1, 1, 1, -1, -1, -1, 0, 0], [1, 1, -1, 1, -1, 0, 0, 0], [1, 1, 1, -1, 1, 1, 0, 0], [1, 1, 1, 1, 1, 0, 0, 0], [1, 1, 1, -1, 1, 0, 0, 0], [1, 1, 1, 1, 1, 1, 1, 1]]]
Use Time: 0.5049865245819092, This step timeout is False
The candidate list of user is: [(0, 4), (0, 5), (2, 5), (3, 5), (3, 6), (4, 6), (5, 5), (5, 6), (6, 5), (0, 4), (0, 5), (2, 5)]
Chessboard output is: 
[[-1 -1 -1  1  0  0  0  0]
 [ 1  1  1  1  1  1  0  0]
 [ 1  1  1 -1 -1 -1  0  0]
 [ 1  1 -1  1 -1  0  0  0]
 [ 1  1  1 -1  1  1  0  0]
 [ 1  1  1  1  1  0  0  0]
 [ 1  1  1 -1  1  0  0  0]
 [ 1  1  1  1  1  1  1  1]]
-----------------
Chessboard input is: 
[[-1 -1 -1  1  0  0  0  0]
 [ 1  1  1  1  1  1  0  0]
 [ 1  1  1 -1 -1 -1  0  0]
 [ 1  1 -1  1 -1  0  0  0]
 [ 1  1  1 -1  1  1  0  0]
 [ 1  1  1  1  1  0  0  0]
 [ 1  1  1 -1  1  0  0  0]
 [ 1  1  1  1  1  1  1  1]]
['12011014', '-1', '0', 1, 6, 1, [[-1, -1, -1, 1, 0, 0, 0, 0], [1, 1, 1, 1, 1, 1, 1, 0], [1, 1, 1, -1, -1, 1, 0, 0], [1, 1, -1, 1, 1, 0, 0, 0], [1, 1, 1, 1, 1, 1, 0, 0], [1, 1, 1, 1, 1, 0, 0, 0], [1, 1, 1, -1, 1, 0, 0, 0], [1, 1, 1, 1, 1, 1, 1, 1]]]
Use Time: 0.04438328742980957, This step timeout is False
The candidate list of user is: [(1, 6), (2, 6), (3, 5), (3, 6), (1, 6)]
Chessboard output is: 
[[-1 -1 -1  1  0  0  0  0]
 [ 1  1  1  1  1  1  1  0]
 [ 1  1  1 -1 -1  1  0  0]
 [ 1  1 -1  1  1  0  0  0]
 [ 1  1  1  1  1  1  0  0]
 [ 1  1  1  1  1  0  0  0]
 [ 1  1  1 -1  1  0  0  0]
 [ 1  1  1  1  1  1  1  1]]
-----------------
Chessboard input is: 
[[-1 -1 -1  1  0  0  0  0]
 [ 1  1  1  1  1  1  1  0]
 [ 1  1  1 -1 -1  1  0  0]
 [ 1  1 -1  1  1  0  0  0]
 [ 1  1  1  1  1  1  0  0]
 [ 1  1  1  1  1  0  0  0]
 [ 1  1  1 -1  1  0  0  0]
 [ 1  1  1  1  1  1  1  1]]
['12011014', '-1', '0', 2, 6, -1, [[-1, -1, -1, 1, 0, 0, 0, 0], [1, 1, 1, 1, 1, 1, 1, 0], [1, 1, 1, -1, -1, -1, -1, 0], [1, 1, -1, 1, 1, 0, 0, 0], [1, 1, 1, 1, 1, 1, 0, 0], [1, 1, 1, 1, 1, 0, 0, 0], [1, 1, 1, -1, 1, 0, 0, 0], [1, 1, 1, 1, 1, 1, 1, 1]]]
Use Time: 0.4004652500152588, This step timeout is False
The candidate list of user is: [(0, 4), (0, 5), (0, 6), (2, 6), (3, 5), (3, 6), (5, 5), (5, 6), (6, 5), (0, 4), (0, 5), (0, 6), (2, 6)]
Chessboard output is: 
[[-1 -1 -1  1  0  0  0  0]
 [ 1  1  1  1  1  1  1  0]
 [ 1  1  1 -1 -1 -1 -1  0]
 [ 1  1 -1  1  1  0  0  0]
 [ 1  1  1  1  1  1  0  0]
 [ 1  1  1  1  1  0  0  0]
 [ 1  1  1 -1  1  0  0  0]
 [ 1  1  1  1  1  1  1  1]]
-----------------
Chessboard input is: 
[[-1 -1 -1  1  0  0  0  0]
 [ 1  1  1  1  1  1  1  0]
 [ 1  1  1 -1 -1 -1 -1  0]
 [ 1  1 -1  1  1  0  0  0]
 [ 1  1  1  1  1  1  0  0]
 [ 1  1  1  1  1  0  0  0]
 [ 1  1  1 -1  1  0  0  0]
 [ 1  1  1  1  1  1  1  1]]
['12011014', '-1', '0', 3, 7, 1, [[-1, -1, -1, 1, 0, 0, 0, 0], [1, 1, 1, 1, 1, 1, 1, 0], [1, 1, 1, -1, -1, -1, 1, 0], [1, 1, -1, 1, 1, 0, 0, 1], [1, 1, 1, 1, 1, 1, 0, 0], [1, 1, 1, 1, 1, 0, 0, 0], [1, 1, 1, -1, 1, 0, 0, 0], [1, 1, 1, 1, 1, 1, 1, 1]]]
Use Time: 0.0510408878326416, This step timeout is False
The candidate list of user is: [(2, 7), (3, 5), (3, 6), (3, 7), (3, 7)]
Chessboard output is: 
[[-1 -1 -1  1  0  0  0  0]
 [ 1  1  1  1  1  1  1  0]
 [ 1  1  1 -1 -1 -1  1  0]
 [ 1  1 -1  1  1  0  0  1]
 [ 1  1  1  1  1  1  0  0]
 [ 1  1  1  1  1  0  0  0]
 [ 1  1  1 -1  1  0  0  0]
 [ 1  1  1  1  1  1  1  1]]
-----------------
Chessboard input is: 
[[-1 -1 -1  1  0  0  0  0]
 [ 1  1  1  1  1  1  1  0]
 [ 1  1  1 -1 -1 -1  1  0]
 [ 1  1 -1  1  1  0  0  1]
 [ 1  1  1  1  1  1  0  0]
 [ 1  1  1  1  1  0  0  0]
 [ 1  1  1 -1  1  0  0  0]
 [ 1  1  1  1  1  1  1  1]]
['12011014', '-1', '0', 0, 6, -1, [[-1, -1, -1, 1, 0, 0, -1, 0], [1, 1, 1, 1, 1, -1, 1, 0], [1, 1, 1, -1, -1, -1, 1, 0], [1, 1, -1, 1, 1, 0, 0, 1], [1, 1, 1, 1, 1, 1, 0, 0], [1, 1, 1, 1, 1, 0, 0, 0], [1, 1, 1, -1, 1, 0, 0, 0], [1, 1, 1, 1, 1, 1, 1, 1]]]
Use Time: 0.5871262550354004, This step timeout is False
The candidate list of user is: [(0, 4), (0, 5), (0, 6), (0, 7), (2, 7), (3, 5), (3, 6), (5, 5), (5, 6), (6, 5), (0, 4), (0, 5), (0, 6)]
Chessboard output is: 
[[-1 -1 -1  1  0  0 -1  0]
 [ 1  1  1  1  1 -1  1  0]
 [ 1  1  1 -1 -1 -1  1  0]
 [ 1  1 -1  1  1  0  0  1]
 [ 1  1  1  1  1  1  0  0]
 [ 1  1  1  1  1  0  0  0]
 [ 1  1  1 -1  1  0  0  0]
 [ 1  1  1  1  1  1  1  1]]
-----------------
Chessboard input is: 
[[-1 -1 -1  1  0  0 -1  0]
 [ 1  1  1  1  1 -1  1  0]
 [ 1  1  1 -1 -1 -1  1  0]
 [ 1  1 -1  1  1  0  0  1]
 [ 1  1  1  1  1  1  0  0]
 [ 1  1  1  1  1  0  0  0]
 [ 1  1  1 -1  1  0  0  0]
 [ 1  1  1  1  1  1  1  1]]
['12011014', '-1', '0', 0, 4, 1, [[-1, -1, -1, 1, 1, 0, -1, 0], [1, 1, 1, 1, 1, 1, 1, 0], [1, 1, 1, -1, -1, -1, 1, 0], [1, 1, -1, 1, 1, 0, 0, 1], [1, 1, 1, 1, 1, 1, 0, 0], [1, 1, 1, 1, 1, 0, 0, 0], [1, 1, 1, -1, 1, 0, 0, 0], [1, 1, 1, 1, 1, 1, 1, 1]]]
Use Time: 0.023044347763061523, This step timeout is False
The candidate list of user is: [(0, 4), (3, 5), (3, 6), (0, 4)]
Chessboard output is: 
[[-1 -1 -1  1  1  0 -1  0]
 [ 1  1  1  1  1  1  1  0]
 [ 1  1  1 -1 -1 -1  1  0]
 [ 1  1 -1  1  1  0  0  1]
 [ 1  1  1  1  1  1  0  0]
 [ 1  1  1  1  1  0  0  0]
 [ 1  1  1 -1  1  0  0  0]
 [ 1  1  1  1  1  1  1  1]]
-----------------
Chessboard input is: 
[[-1 -1 -1  1  1  0 -1  0]
 [ 1  1  1  1  1  1  1  0]
 [ 1  1  1 -1 -1 -1  1  0]
 [ 1  1 -1  1  1  0  0  1]
 [ 1  1  1  1  1  1  0  0]
 [ 1  1  1  1  1  0  0  0]
 [ 1  1  1 -1  1  0  0  0]
 [ 1  1  1  1  1  1  1  1]]
['12011014', '-1', '0', 0, 5, -1, [[-1, -1, -1, -1, -1, -1, -1, 0], [1, 1, 1, 1, -1, -1, 1, 0], [1, 1, 1, -1, -1, -1, 1, 0], [1, 1, -1, 1, 1, 0, 0, 1], [1, 1, 1, 1, 1, 1, 0, 0], [1, 1, 1, 1, 1, 0, 0, 0], [1, 1, 1, -1, 1, 0, 0, 0], [1, 1, 1, 1, 1, 1, 1, 1]]]
Use Time: 0.3745861053466797, This step timeout is False
The candidate list of user is: [(0, 5), (0, 7), (2, 7), (3, 5), (3, 6), (5, 5), (5, 6), (6, 5), (0, 5)]
Chessboard output is: 
[[-1 -1 -1 -1 -1 -1 -1  0]
 [ 1  1  1  1 -1 -1  1  0]
 [ 1  1  1 -1 -1 -1  1  0]
 [ 1  1 -1  1  1  0  0  1]
 [ 1  1  1  1  1  1  0  0]
 [ 1  1  1  1  1  0  0  0]
 [ 1  1  1 -1  1  0  0  0]
 [ 1  1  1  1  1  1  1  1]]
-----------------
Chessboard input is: 
[[-1 -1 -1 -1 -1 -1 -1  0]
 [ 1  1  1  1 -1 -1  1  0]
 [ 1  1  1 -1 -1 -1  1  0]
 [ 1  1 -1  1  1  0  0  1]
 [ 1  1  1  1  1  1  0  0]
 [ 1  1  1  1  1  0  0  0]
 [ 1  1  1 -1  1  0  0  0]
 [ 1  1  1  1  1  1  1  1]]
['12011014', '-1', '0', 3, 5, 1, [[-1, -1, -1, -1, -1, -1, -1, 0], [1, 1, 1, 1, -1, -1, 1, 0], [1, 1, 1, -1, 1, -1, 1, 0], [1, 1, -1, 1, 1, 1, 0, 1], [1, 1, 1, 1, 1, 1, 0, 0], [1, 1, 1, 1, 1, 0, 0, 0], [1, 1, 1, -1, 1, 0, 0, 0], [1, 1, 1, 1, 1, 1, 1, 1]]]
Use Time: 0.01669001579284668, This step timeout is False
The candidate list of user is: [(3, 5), (3, 5)]
Chessboard output is: 
[[-1 -1 -1 -1 -1 -1 -1  0]
 [ 1  1  1  1 -1 -1  1  0]
 [ 1  1  1 -1  1 -1  1  0]
 [ 1  1 -1  1  1  1  0  1]
 [ 1  1  1  1  1  1  0  0]
 [ 1  1  1  1  1  0  0  0]
 [ 1  1  1 -1  1  0  0  0]
 [ 1  1  1  1  1  1  1  1]]
-----------------
Chessboard input is: 
[[-1 -1 -1 -1 -1 -1 -1  0]
 [ 1  1  1  1 -1 -1  1  0]
 [ 1  1  1 -1  1 -1  1  0]
 [ 1  1 -1  1  1  1  0  1]
 [ 1  1  1  1  1  1  0  0]
 [ 1  1  1  1  1  0  0  0]
 [ 1  1  1 -1  1  0  0  0]
 [ 1  1  1  1  1  1  1  1]]
['12011014', '-1', '0', 1, 7, -1, [[-1, -1, -1, -1, -1, -1, -1, 0], [1, 1, 1, 1, -1, -1, -1, -1], [1, 1, 1, -1, 1, -1, 1, 0], [1, 1, -1, 1, 1, 1, 0, 1], [1, 1, 1, 1, 1, 1, 0, 0], [1, 1, 1, 1, 1, 0, 0, 0], [1, 1, 1, -1, 1, 0, 0, 0], [1, 1, 1, 1, 1, 1, 1, 1]]]
Use Time: 0.2253260612487793, This step timeout is False
The candidate list of user is: [(0, 7), (1, 7), (2, 7), (3, 6), (4, 6), (5, 5), (5, 6), (6, 5), (0, 7), (1, 7)]
Chessboard output is: 
[[-1 -1 -1 -1 -1 -1 -1  0]
 [ 1  1  1  1 -1 -1 -1 -1]
 [ 1  1  1 -1  1 -1  1  0]
 [ 1  1 -1  1  1  1  0  1]
 [ 1  1  1  1  1  1  0  0]
 [ 1  1  1  1  1  0  0  0]
 [ 1  1  1 -1  1  0  0  0]
 [ 1  1  1  1  1  1  1  1]]
-----------------
Chessboard input is: 
[[-1 -1 -1 -1 -1 -1 -1  0]
 [ 1  1  1  1 -1 -1 -1 -1]
 [ 1  1  1 -1  1 -1  1  0]
 [ 1  1 -1  1  1  1  0  1]
 [ 1  1  1  1  1  1  0  0]
 [ 1  1  1  1  1  0  0  0]
 [ 1  1  1 -1  1  0  0  0]
 [ 1  1  1  1  1  1  1  1]]
['12011014', '-1', '0', 0, 7, 1, [[-1, -1, -1, -1, -1, -1, -1, 1], [1, 1, 1, 1, -1, -1, 1, -1], [1, 1, 1, -1, 1, 1, 1, 0], [1, 1, -1, 1, 1, 1, 0, 1], [1, 1, 1, 1, 1, 1, 0, 0], [1, 1, 1, 1, 1, 0, 0, 0], [1, 1, 1, -1, 1, 0, 0, 0], [1, 1, 1, 1, 1, 1, 1, 1]]]
Use Time: 0.007826805114746094, This step timeout is False
The candidate list of user is: [(0, 7), (0, 7)]
Chessboard output is: 
[[-1 -1 -1 -1 -1 -1 -1  1]
 [ 1  1  1  1 -1 -1  1 -1]
 [ 1  1  1 -1  1  1  1  0]
 [ 1  1 -1  1  1  1  0  1]
 [ 1  1  1  1  1  1  0  0]
 [ 1  1  1  1  1  0  0  0]
 [ 1  1  1 -1  1  0  0  0]
 [ 1  1  1  1  1  1  1  1]]
-----------------
Chessboard input is: 
[[-1 -1 -1 -1 -1 -1 -1  1]
 [ 1  1  1  1 -1 -1  1 -1]
 [ 1  1  1 -1  1  1  1  0]
 [ 1  1 -1  1  1  1  0  1]
 [ 1  1  1  1  1  1  0  0]
 [ 1  1  1  1  1  0  0  0]
 [ 1  1  1 -1  1  0  0  0]
 [ 1  1  1  1  1  1  1  1]]
['12011014', '-1', '0', 2, 7, -1, [[-1, -1, -1, -1, -1, -1, -1, 1], [1, 1, 1, 1, -1, -1, -1, -1], [1, 1, 1, -1, -1, -1, -1, -1], [1, 1, -1, 1, 1, 1, 0, 1], [1, 1, 1, 1, 1, 1, 0, 0], [1, 1, 1, 1, 1, 0, 0, 0], [1, 1, 1, -1, 1, 0, 0, 0], [1, 1, 1, 1, 1, 1, 1, 1]]]
Use Time: 0.1358325481414795, This step timeout is False
The candidate list of user is: [(2, 7), (3, 6), (4, 6), (5, 5), (5, 6), (6, 5), (2, 7)]
Chessboard output is: 
[[-1 -1 -1 -1 -1 -1 -1  1]
 [ 1  1  1  1 -1 -1 -1 -1]
 [ 1  1  1 -1 -1 -1 -1 -1]
 [ 1  1 -1  1  1  1  0  1]
 [ 1  1  1  1  1  1  0  0]
 [ 1  1  1  1  1  0  0  0]
 [ 1  1  1 -1  1  0  0  0]
 [ 1  1  1  1  1  1  1  1]]
-----------------
Chessboard input is: 
[[-1 -1 -1 -1 -1 -1 -1  1]
 [ 1  1  1  1 -1 -1 -1 -1]
 [ 1  1  1 -1 -1 -1 -1 -1]
 [ 1  1 -1  1  1  1  0  1]
 [ 1  1  1  1  1  1  0  0]
 [ 1  1  1  1  1  0  0  0]
 [ 1  1  1 -1  1  0  0  0]
 [ 1  1  1  1  1  1  1  1]]
Chessboard input is: 
[[-1 -1 -1 -1 -1 -1 -1  1]
 [ 1  1  1  1 -1 -1 -1 -1]
 [ 1  1  1 -1 -1 -1 -1 -1]
 [ 1  1 -1  1  1  1  0  1]
 [ 1  1  1  1  1  1  0  0]
 [ 1  1  1  1  1  0  0  0]
 [ 1  1  1 -1  1  0  0  0]
 [ 1  1  1  1  1  1  1  1]]
['12011014', '-1', '0', 4, 7, -1, [[-1, -1, -1, -1, -1, -1, -1, 1], [1, 1, 1, 1, -1, -1, -1, -1], [1, 1, 1, -1, -1, -1, -1, -1], [1, 1, -1, 1, 1, 1, 0, -1], [1, 1, 1, 1, 1, 1, 0, -1], [1, 1, 1, 1, 1, 0, 0, 0], [1, 1, 1, -1, 1, 0, 0, 0], [1, 1, 1, 1, 1, 1, 1, 1]]]
Use Time: 0.11670041084289551, This step timeout is False
The candidate list of user is: [(3, 6), (4, 6), (4, 7), (5, 5), (5, 6), (6, 5), (3, 6), (4, 6), (4, 7)]
Chessboard output is: 
[[-1 -1 -1 -1 -1 -1 -1  1]
 [ 1  1  1  1 -1 -1 -1 -1]
 [ 1  1  1 -1 -1 -1 -1 -1]
 [ 1  1 -1  1  1  1  0 -1]
 [ 1  1  1  1  1  1  0 -1]
 [ 1  1  1  1  1  0  0  0]
 [ 1  1  1 -1  1  0  0  0]
 [ 1  1  1  1  1  1  1  1]]
-----------------
Chessboard input is: 
[[-1 -1 -1 -1 -1 -1 -1  1]
 [ 1  1  1  1 -1 -1 -1 -1]
 [ 1  1  1 -1 -1 -1 -1 -1]
 [ 1  1 -1  1  1  1  0 -1]
 [ 1  1  1  1  1  1  0 -1]
 [ 1  1  1  1  1  0  0  0]
 [ 1  1  1 -1  1  0  0  0]
 [ 1  1  1  1  1  1  1  1]]
['12011014', '-1', '0', 5, 7, 1, [[-1, -1, -1, -1, -1, -1, -1, 1], [1, 1, 1, 1, -1, -1, -1, 1], [1, 1, 1, -1, -1, -1, -1, 1], [1, 1, -1, 1, 1, 1, 0, 1], [1, 1, 1, 1, 1, 1, 0, 1], [1, 1, 1, 1, 1, 0, 0, 1], [1, 1, 1, -1, 1, 0, 0, 0], [1, 1, 1, 1, 1, 1, 1, 1]]]
Use Time: 0.006619691848754883, This step timeout is False
The candidate list of user is: [(5, 7), (5, 7)]
Chessboard output is: 
[[-1 -1 -1 -1 -1 -1 -1  1]
 [ 1  1  1  1 -1 -1 -1  1]
 [ 1  1  1 -1 -1 -1 -1  1]
 [ 1  1 -1  1  1  1  0  1]
 [ 1  1  1  1  1  1  0  1]
 [ 1  1  1  1  1  0  0  1]
 [ 1  1  1 -1  1  0  0  0]
 [ 1  1  1  1  1  1  1  1]]
-----------------
Chessboard input is: 
[[-1 -1 -1 -1 -1 -1 -1  1]
 [ 1  1  1  1 -1 -1 -1  1]
 [ 1  1  1 -1 -1 -1 -1  1]
 [ 1  1 -1  1  1  1  0  1]
 [ 1  1  1  1  1  1  0  1]
 [ 1  1  1  1  1  0  0  1]
 [ 1  1  1 -1  1  0  0  0]
 [ 1  1  1  1  1  1  1  1]]
['12011014', '-1', '0', 4, 6, -1, [[-1, -1, -1, -1, -1, -1, -1, 1], [1, 1, 1, 1, -1, -1, -1, 1], [1, 1, 1, -1, -1, -1, -1, 1], [1, 1, -1, 1, 1, -1, 0, 1], [1, 1, 1, 1, 1, 1, -1, 1], [1, 1, 1, 1, 1, 0, 0, 1], [1, 1, 1, -1, 1, 0, 0, 0], [1, 1, 1, 1, 1, 1, 1, 1]]]
Use Time: 0.11048507690429688, This step timeout is False
The candidate list of user is: [(3, 6), (4, 6), (5, 5), (5, 6), (6, 5), (3, 6), (4, 6)]
Chessboard output is: 
[[-1 -1 -1 -1 -1 -1 -1  1]
 [ 1  1  1  1 -1 -1 -1  1]
 [ 1  1  1 -1 -1 -1 -1  1]
 [ 1  1 -1  1  1 -1  0  1]
 [ 1  1  1  1  1  1 -1  1]
 [ 1  1  1  1  1  0  0  1]
 [ 1  1  1 -1  1  0  0  0]
 [ 1  1  1  1  1  1  1  1]]
-----------------
Chessboard input is: 
[[-1 -1 -1 -1 -1 -1 -1  1]
 [ 1  1  1  1 -1 -1 -1  1]
 [ 1  1  1 -1 -1 -1 -1  1]
 [ 1  1 -1  1  1 -1  0  1]
 [ 1  1  1  1  1  1 -1  1]
 [ 1  1  1  1  1  0  0  1]
 [ 1  1  1 -1  1  0  0  0]
 [ 1  1  1  1  1  1  1  1]]
['12011014', '-1', '0', 3, 6, 1, [[-1, -1, -1, -1, -1, -1, -1, 1], [1, 1, 1, 1, -1, -1, -1, 1], [1, 1, 1, -1, -1, -1, -1, 1], [1, 1, -1, 1, 1, 1, 1, 1], [1, 1, 1, 1, 1, 1, -1, 1], [1, 1, 1, 1, 1, 0, 0, 1], [1, 1, 1, -1, 1, 0, 0, 0], [1, 1, 1, 1, 1, 1, 1, 1]]]
Use Time: 0.001580953598022461, This step timeout is False
The candidate list of user is: [(3, 6), (5, 5), (3, 6)]
Chessboard output is: 
[[-1 -1 -1 -1 -1 -1 -1  1]
 [ 1  1  1  1 -1 -1 -1  1]
 [ 1  1  1 -1 -1 -1 -1  1]
 [ 1  1 -1  1  1  1  1  1]
 [ 1  1  1  1  1  1 -1  1]
 [ 1  1  1  1  1  0  0  1]
 [ 1  1  1 -1  1  0  0  0]
 [ 1  1  1  1  1  1  1  1]]
-----------------
Chessboard input is: 
[[-1 -1 -1 -1 -1 -1 -1  1]
 [ 1  1  1  1 -1 -1 -1  1]
 [ 1  1  1 -1 -1 -1 -1  1]
 [ 1  1 -1  1  1  1  1  1]
 [ 1  1  1  1  1  1 -1  1]
 [ 1  1  1  1  1  0  0  1]
 [ 1  1  1 -1  1  0  0  0]
 [ 1  1  1  1  1  1  1  1]]
['12011014', '-1', '0', 5, 6, -1, [[-1, -1, -1, -1, -1, -1, -1, 1], [1, 1, 1, 1, -1, -1, -1, 1], [1, 1, 1, -1, -1, -1, -1, 1], [1, 1, -1, 1, -1, 1, 1, 1], [1, 1, 1, 1, 1, -1, -1, 1], [1, 1, 1, 1, 1, 0, -1, 1], [1, 1, 1, -1, 1, 0, 0, 0], [1, 1, 1, 1, 1, 1, 1, 1]]]
Use Time: 0.014677047729492188, This step timeout is False
The candidate list of user is: [(5, 5), (5, 6), (6, 5), (5, 5), (5, 6)]
Chessboard output is: 
[[-1 -1 -1 -1 -1 -1 -1  1]
 [ 1  1  1  1 -1 -1 -1  1]
 [ 1  1  1 -1 -1 -1 -1  1]
 [ 1  1 -1  1 -1  1  1  1]
 [ 1  1  1  1  1 -1 -1  1]
 [ 1  1  1  1  1  0 -1  1]
 [ 1  1  1 -1  1  0  0  0]
 [ 1  1  1  1  1  1  1  1]]
-----------------
Chessboard input is: 
[[-1 -1 -1 -1 -1 -1 -1  1]
 [ 1  1  1  1 -1 -1 -1  1]
 [ 1  1  1 -1 -1 -1 -1  1]
 [ 1  1 -1  1 -1  1  1  1]
 [ 1  1  1  1  1 -1 -1  1]
 [ 1  1  1  1  1  0 -1  1]
 [ 1  1  1 -1  1  0  0  0]
 [ 1  1  1  1  1  1  1  1]]
['12011014', '-1', '0', 6, 6, 1, [[-1, -1, -1, -1, -1, -1, -1, 1], [1, 1, 1, 1, -1, -1, -1, 1], [1, 1, 1, -1, -1, -1, -1, 1], [1, 1, -1, 1, -1, 1, 1, 1], [1, 1, 1, 1, 1, -1, 1, 1], [1, 1, 1, 1, 1, 0, 1, 1], [1, 1, 1, -1, 1, 0, 1, 0], [1, 1, 1, 1, 1, 1, 1, 1]]]
Use Time: 0.0011372566223144531, This step timeout is False
The candidate list of user is: [(5, 5), (6, 5), (6, 6), (6, 7), (6, 6)]
Chessboard output is: 
[[-1 -1 -1 -1 -1 -1 -1  1]
 [ 1  1  1  1 -1 -1 -1  1]
 [ 1  1  1 -1 -1 -1 -1  1]
 [ 1  1 -1  1 -1  1  1  1]
 [ 1  1  1  1  1 -1  1  1]
 [ 1  1  1  1  1  0  1  1]
 [ 1  1  1 -1  1  0  1  0]
 [ 1  1  1  1  1  1  1  1]]
-----------------
Chessboard input is: 
[[-1 -1 -1 -1 -1 -1 -1  1]
 [ 1  1  1  1 -1 -1 -1  1]
 [ 1  1  1 -1 -1 -1 -1  1]
 [ 1  1 -1  1 -1  1  1  1]
 [ 1  1  1  1  1 -1  1  1]
 [ 1  1  1  1  1  0  1  1]
 [ 1  1  1 -1  1  0  1  0]
 [ 1  1  1  1  1  1  1  1]]
['12011014', '-1', '0', 6, 5, -1, [[-1, -1, -1, -1, -1, -1, -1, 1], [1, 1, 1, 1, -1, -1, -1, 1], [1, 1, 1, -1, -1, -1, -1, 1], [1, 1, -1, 1, -1, 1, 1, 1], [1, 1, 1, -1, 1, -1, 1, 1], [1, 1, 1, 1, -1, 0, 1, 1], [1, 1, 1, -1, -1, -1, 1, 0], [1, 1, 1, 1, 1, 1, 1, 1]]]
Use Time: 0.006564140319824219, This step timeout is False
The candidate list of user is: [(5, 5), (6, 5), (6, 7), (5, 5), (6, 5)]
Chessboard output is: 
[[-1 -1 -1 -1 -1 -1 -1  1]
 [ 1  1  1  1 -1 -1 -1  1]
 [ 1  1  1 -1 -1 -1 -1  1]
 [ 1  1 -1  1 -1  1  1  1]
 [ 1  1  1 -1  1 -1  1  1]
 [ 1  1  1  1 -1  0  1  1]
 [ 1  1  1 -1 -1 -1  1  0]
 [ 1  1  1  1  1  1  1  1]]
-----------------
Chessboard input is: 
[[-1 -1 -1 -1 -1 -1 -1  1]
 [ 1  1  1  1 -1 -1 -1  1]
 [ 1  1  1 -1 -1 -1 -1  1]
 [ 1  1 -1  1 -1  1  1  1]
 [ 1  1  1 -1  1 -1  1  1]
 [ 1  1  1  1 -1  0  1  1]
 [ 1  1  1 -1 -1 -1  1  0]
 [ 1  1  1  1  1  1  1  1]]
['12011014', '-1', '0', 5, 5, 1, [[-1, -1, -1, -1, -1, -1, -1, 1], [1, 1, 1, 1, -1, -1, -1, 1], [1, 1, 1, -1, -1, -1, -1, 1], [1, 1, -1, 1, -1, 1, 1, 1], [1, 1, 1, -1, 1, 1, 1, 1], [1, 1, 1, 1, 1, 1, 1, 1], [1, 1, 1, -1, 1, 1, 1, 0], [1, 1, 1, 1, 1, 1, 1, 1]]]
Use Time: 0.0005536079406738281, This step timeout is False
The candidate list of user is: [(5, 5), (5, 5)]
Chessboard output is: 
[[-1 -1 -1 -1 -1 -1 -1  1]
 [ 1  1  1  1 -1 -1 -1  1]
 [ 1  1  1 -1 -1 -1 -1  1]
 [ 1  1 -1  1 -1  1  1  1]
 [ 1  1  1 -1  1  1  1  1]
 [ 1  1  1  1  1  1  1  1]
 [ 1  1  1 -1  1  1  1  0]
 [ 1  1  1  1  1  1  1  1]]
-----------------
Chessboard input is: 
[[-1 -1 -1 -1 -1 -1 -1  1]
 [ 1  1  1  1 -1 -1 -1  1]
 [ 1  1  1 -1 -1 -1 -1  1]
 [ 1  1 -1  1 -1  1  1  1]
 [ 1  1  1 -1  1  1  1  1]
 [ 1  1  1  1  1  1  1  1]
 [ 1  1  1 -1  1  1  1  0]
 [ 1  1  1  1  1  1  1  1]]
['12011014', '-1', '0', 6, 7, -1, [[-1, -1, -1, -1, -1, -1, -1, 1], [1, 1, 1, 1, -1, -1, -1, 1], [1, 1, 1, -1, -1, -1, -1, 1], [1, 1, -1, 1, -1, 1, 1, 1], [1, 1, 1, -1, 1, -1, 1, 1], [1, 1, 1, 1, 1, 1, -1, 1], [1, 1, 1, -1, -1, -1, -1, -1], [1, 1, 1, 1, 1, 1, 1, 1]]]
Use Time: 0.0013513565063476562, This step timeout is False
The candidate list of user is: [(6, 7), (6, 7)]
Chessboard output is: 
[[-1 -1 -1 -1 -1 -1 -1  1]
 [ 1  1  1  1 -1 -1 -1  1]
 [ 1  1  1 -1 -1 -1 -1  1]
 [ 1  1 -1  1 -1  1  1  1]
 [ 1  1  1 -1  1 -1  1  1]
 [ 1  1  1  1  1  1 -1  1]
 [ 1  1  1 -1 -1 -1 -1 -1]
 [ 1  1  1  1  1  1  1  1]]
-----------------
Winner is -1