Black is 12012308, white is 12011014
white in: /data.12011014
black in: /data.12012308
Chessboard input is: 
[[ 0  0  0  0  0  0  0  0]
 [ 0  0  0  0  0  0  0  0]
 [ 0  0  0  0  0  0  0  0]
 [ 0  0  0  1 -1  0  0  0]
 [ 0  0  0 -1  1  0  0  0]
 [ 0  0  0  0  0  0  0  0]
 [ 0  0  0  0  0  0  0  0]
 [ 0  0  0  0  0  0  0  0]]
['12011014', '-1', '0', 2, 3, -1, [[0, 0, 0, 0, 0, 0, 0, 0], [0, 0, 0, 0, 0, 0, 0, 0], [0, 0, 0, -1, 0, 0, 0, 0], [0, 0, 0, -1, -1, 0, 0, 0], [0, 0, 0, -1, 1, 0, 0, 0], [0, 0, 0, 0, 0, 0, 0, 0], [0, 0, 0, 0, 0, 0, 0, 0], [0, 0, 0, 0, 0, 0, 0, 0]]]
Use Time: 0.2624988555908203, This step timeout is False
The candidate list of user is: [(2, 3), (3, 2), (4, 5), (5, 4), (2, 3)]
Chessboard output is: 
[[ 0  0  0  0  0  0  0  0]
 [ 0  0  0  0  0  0  0  0]
 [ 0  0  0 -1  0  0  0  0]
 [ 0  0  0 -1 -1  0  0  0]
 [ 0  0  0 -1  1  0  0  0]
 [ 0  0  0  0  0  0  0  0]
 [ 0  0  0  0  0  0  0  0]
 [ 0  0  0  0  0  0  0  0]]
-----------------
Chessboard input is: 
[[ 0  0  0  0  0  0  0  0]
 [ 0  0  0  0  0  0  0  0]
 [ 0  0  0 -1  0  0  0  0]
 [ 0  0  0 -1 -1  0  0  0]
 [ 0  0  0 -1  1  0  0  0]
 [ 0  0  0  0  0  0  0  0]
 [ 0  0  0  0  0  0  0  0]
 [ 0  0  0  0  0  0  0  0]]
['12011014', '-1', '0', 4, 2, 1, [[0, 0, 0, 0, 0, 0, 0, 0], [0, 0, 0, 0, 0, 0, 0, 0], [0, 0, 0, -1, 0, 0, 0, 0], [0, 0, 0, -1, -1, 0, 0, 0], [0, 0, 1, 1, 1, 0, 0, 0], [0, 0, 0, 0, 0, 0, 0, 0], [0, 0, 0, 0, 0, 0, 0, 0], [0, 0, 0, 0, 0, 0, 0, 0]]]
Use Time: 3.4915552139282227, This step timeout is False
The candidate list of user is: [(2, 2), (2, 4), (4, 2), (4, 2)]
Chessboard output is: 
[[ 0  0  0  0  0  0  0  0]
 [ 0  0  0  0  0  0  0  0]
 [ 0  0  0 -1  0  0  0  0]
 [ 0  0  0 -1 -1  0  0  0]
 [ 0  0  1  1  1  0  0  0]
 [ 0  0  0  0  0  0  0  0]
 [ 0  0  0  0  0  0  0  0]
 [ 0  0  0  0  0  0  0  0]]
-----------------
Chessboard input is: 
[[ 0  0  0  0  0  0  0  0]
 [ 0  0  0  0  0  0  0  0]
 [ 0  0  0 -1  0  0  0  0]
 [ 0  0  0 -1 -1  0  0  0]
 [ 0  0  1  1  1  0  0  0]
 [ 0  0  0  0  0  0  0  0]
 [ 0  0  0  0  0  0  0  0]
 [ 0  0  0  0  0  0  0  0]]
['12011014', '-1', '0', 5, 3, -1, [[0, 0, 0, 0, 0, 0, 0, 0], [0, 0, 0, 0, 0, 0, 0, 0], [0, 0, 0, -1, 0, 0, 0, 0], [0, 0, 0, -1, -1, 0, 0, 0], [0, 0, 1, -1, 1, 0, 0, 0], [0, 0, 0, -1, 0, 0, 0, 0], [0, 0, 0, 0, 0, 0, 0, 0], [0, 0, 0, 0, 0, 0, 0, 0]]]
Use Time: 0.5873551368713379, This step timeout is False
The candidate list of user is: [(5, 1), (5, 2), (5, 3), (5, 4), (5, 5), (5, 1), (5, 2), (5, 3)]
Chessboard output is: 
[[ 0  0  0  0  0  0  0  0]
 [ 0  0  0  0  0  0  0  0]
 [ 0  0  0 -1  0  0  0  0]
 [ 0  0  0 -1 -1  0  0  0]
 [ 0  0  1 -1  1  0  0  0]
 [ 0  0  0 -1  0  0  0  0]
 [ 0  0  0  0  0  0  0  0]
 [ 0  0  0  0  0  0  0  0]]
-----------------
Chessboard input is: 
[[ 0  0  0  0  0  0  0  0]
 [ 0  0  0  0  0  0  0  0]
 [ 0  0  0 -1  0  0  0  0]
 [ 0  0  0 -1 -1  0  0  0]
 [ 0  0  1 -1  1  0  0  0]
 [ 0  0  0 -1  0  0  0  0]
 [ 0  0  0  0  0  0  0  0]
 [ 0  0  0  0  0  0  0  0]]
['12011014', '-1', '0', 2, 4, 1, [[0, 0, 0, 0, 0, 0, 0, 0], [0, 0, 0, 0, 0, 0, 0, 0], [0, 0, 0, -1, 1, 0, 0, 0], [0, 0, 0, 1, 1, 0, 0, 0], [0, 0, 1, -1, 1, 0, 0, 0], [0, 0, 0, -1, 0, 0, 0, 0], [0, 0, 0, 0, 0, 0, 0, 0], [0, 0, 0, 0, 0, 0, 0, 0]]]
Use Time: 1.5939955711364746, This step timeout is False
The candidate list of user is: [(2, 2), (2, 4), (6, 2), (6, 4), (2, 4)]
Chessboard output is: 
[[ 0  0  0  0  0  0  0  0]
 [ 0  0  0  0  0  0  0  0]
 [ 0  0  0 -1  1  0  0  0]
 [ 0  0  0  1  1  0  0  0]
 [ 0  0  1 -1  1  0  0  0]
 [ 0  0  0 -1  0  0  0  0]
 [ 0  0  0  0  0  0  0  0]
 [ 0  0  0  0  0  0  0  0]]
-----------------
Chessboard input is: 
[[ 0  0  0  0  0  0  0  0]
 [ 0  0  0  0  0  0  0  0]
 [ 0  0  0 -1  1  0  0  0]
 [ 0  0  0  1  1  0  0  0]
 [ 0  0  1 -1  1  0  0  0]
 [ 0  0  0 -1  0  0  0  0]
 [ 0  0  0  0  0  0  0  0]
 [ 0  0  0  0  0  0  0  0]]
['12011014', '-1', '0', 3, 5, -1, [[0, 0, 0, 0, 0, 0, 0, 0], [0, 0, 0, 0, 0, 0, 0, 0], [0, 0, 0, -1, 1, 0, 0, 0], [0, 0, 0, 1, 1, -1, 0, 0], [0, 0, 1, -1, -1, 0, 0, 0], [0, 0, 0, -1, 0, 0, 0, 0], [0, 0, 0, 0, 0, 0, 0, 0], [0, 0, 0, 0, 0, 0, 0, 0]]]
Use Time: 1.654862642288208, This step timeout is False
The candidate list of user is: [(2, 5), (3, 1), (3, 5), (4, 1), (4, 5), (2, 5), (3, 1), (3, 5)]
Chessboard output is: 
[[ 0  0  0  0  0  0  0  0]
 [ 0  0  0  0  0  0  0  0]
 [ 0  0  0 -1  1  0  0  0]
 [ 0  0  0  1  1 -1  0  0]
 [ 0  0  1 -1 -1  0  0  0]
 [ 0  0  0 -1  0  0  0  0]
 [ 0  0  0  0  0  0  0  0]
 [ 0  0  0  0  0  0  0  0]]
-----------------
Chessboard input is: 
[[ 0  0  0  0  0  0  0  0]
 [ 0  0  0  0  0  0  0  0]
 [ 0  0  0 -1  1  0  0  0]
 [ 0  0  0  1  1 -1  0  0]
 [ 0  0  1 -1 -1  0  0  0]
 [ 0  0  0 -1  0  0  0  0]
 [ 0  0  0  0  0  0  0  0]
 [ 0  0  0  0  0  0  0  0]]
['12011014', '-1', '0', 5, 4, 1, [[0, 0, 0, 0, 0, 0, 0, 0], [0, 0, 0, 0, 0, 0, 0, 0], [0, 0, 0, -1, 1, 0, 0, 0], [0, 0, 0, 1, 1, -1, 0, 0], [0, 0, 1, -1, 1, 0, 0, 0], [0, 0, 0, -1, 1, 0, 0, 0], [0, 0, 0, 0, 0, 0, 0, 0], [0, 0, 0, 0, 0, 0, 0, 0]]]
Use Time: 1.0703709125518799, This step timeout is False
The candidate list of user is: [(1, 2), (1, 3), (2, 2), (3, 6), (4, 5), (4, 6), (5, 2), (5, 4), (5, 5), (6, 3), (6, 4), (5, 4)]
Chessboard output is: 
[[ 0  0  0  0  0  0  0  0]
 [ 0  0  0  0  0  0  0  0]
 [ 0  0  0 -1  1  0  0  0]
 [ 0  0  0  1  1 -1  0  0]
 [ 0  0  1 -1  1  0  0  0]
 [ 0  0  0 -1  1  0  0  0]
 [ 0  0  0  0  0  0  0  0]
 [ 0  0  0  0  0  0  0  0]]
-----------------
Chessboard input is: 
[[ 0  0  0  0  0  0  0  0]
 [ 0  0  0  0  0  0  0  0]
 [ 0  0  0 -1  1  0  0  0]
 [ 0  0  0  1  1 -1  0  0]
 [ 0  0  1 -1  1  0  0  0]
 [ 0  0  0 -1  1  0  0  0]
 [ 0  0  0  0  0  0  0  0]
 [ 0  0  0  0  0  0  0  0]]
['12011014', '-1', '0', 3, 2, -1, [[0, 0, 0, 0, 0, 0, 0, 0], [0, 0, 0, 0, 0, 0, 0, 0], [0, 0, 0, -1, 1, 0, 0, 0], [0, 0, -1, -1, -1, -1, 0, 0], [0, 0, 1, -1, 1, 0, 0, 0], [0, 0, 0, -1, 1, 0, 0, 0], [0, 0, 0, 0, 0, 0, 0, 0], [0, 0, 0, 0, 0, 0, 0, 0]]]
Use Time: 3.5871143341064453, This step timeout is False
The candidate list of user is: [(1, 3), (2, 5), (3, 1), (3, 2), (4, 1), (4, 5), (5, 5), (6, 5), (1, 3), (3, 2)]
Chessboard output is: 
[[ 0  0  0  0  0  0  0  0]
 [ 0  0  0  0  0  0  0  0]
 [ 0  0  0 -1  1  0  0  0]
 [ 0  0 -1 -1 -1 -1  0  0]
 [ 0  0  1 -1  1  0  0  0]
 [ 0  0  0 -1  1  0  0  0]
 [ 0  0  0  0  0  0  0  0]
 [ 0  0  0  0  0  0  0  0]]
-----------------
Chessboard input is: 
[[ 0  0  0  0  0  0  0  0]
 [ 0  0  0  0  0  0  0  0]
 [ 0  0  0 -1  1  0  0  0]
 [ 0  0 -1 -1 -1 -1  0  0]
 [ 0  0  1 -1  1  0  0  0]
 [ 0  0  0 -1  1  0  0  0]
 [ 0  0  0  0  0  0  0  0]
 [ 0  0  0  0  0  0  0  0]]
['12011014', '-1', '0', 4, 6, 1, [[0, 0, 0, 0, 0, 0, 0, 0], [0, 0, 0, 0, 0, 0, 0, 0], [0, 0, 0, -1, 1, 0, 0, 0], [0, 0, -1, -1, -1, 1, 0, 0], [0, 0, 1, -1, 1, 0, 1, 0], [0, 0, 0, -1, 1, 0, 0, 0], [0, 0, 0, 0, 0, 0, 0, 0], [0, 0, 0, 0, 0, 0, 0, 0]]]
Use Time: 4.165072917938232, This step timeout is False
The candidate list of user is: [(2, 1), (2, 2), (2, 6), (4, 6), (5, 2), (6, 2), (6, 4), (4, 6)]
Chessboard output is: 
[[ 0  0  0  0  0  0  0  0]
 [ 0  0  0  0  0  0  0  0]
 [ 0  0  0 -1  1  0  0  0]
 [ 0  0 -1 -1 -1  1  0  0]
 [ 0  0  1 -1  1  0  1  0]
 [ 0  0  0 -1  1  0  0  0]
 [ 0  0  0  0  0  0  0  0]
 [ 0  0  0  0  0  0  0  0]]
-----------------
Chessboard input is: 
[[ 0  0  0  0  0  0  0  0]
 [ 0  0  0  0  0  0  0  0]
 [ 0  0  0 -1  1  0  0  0]
 [ 0  0 -1 -1 -1  1  0  0]
 [ 0  0  1 -1  1  0  1  0]
 [ 0  0  0 -1  1  0  0  0]
 [ 0  0  0  0  0  0  0  0]
 [ 0  0  0  0  0  0  0  0]]
['12011014', '-1', '0', 3, 6, -1, [[0, 0, 0, 0, 0, 0, 0, 0], [0, 0, 0, 0, 0, 0, 0, 0], [0, 0, 0, -1, 1, 0, 0, 0], [0, 0, -1, -1, -1, -1, -1, 0], [0, 0, 1, -1, 1, 0, 1, 0], [0, 0, 0, -1, 1, 0, 0, 0], [0, 0, 0, 0, 0, 0, 0, 0], [0, 0, 0, 0, 0, 0, 0, 0]]]
Use Time: 3.6941049098968506, This step timeout is False
The candidate list of user is: [(1, 4), (1, 5), (2, 5), (2, 6), (3, 1), (3, 6), (4, 1), (4, 5), (5, 1), (5, 2), (5, 5), (6, 4), (6, 5), (1, 4), (3, 6)]
Chessboard output is: 
[[ 0  0  0  0  0  0  0  0]
 [ 0  0  0  0  0  0  0  0]
 [ 0  0  0 -1  1  0  0  0]
 [ 0  0 -1 -1 -1 -1 -1  0]
 [ 0  0  1 -1  1  0  1  0]
 [ 0  0  0 -1  1  0  0  0]
 [ 0  0  0  0  0  0  0  0]
 [ 0  0  0  0  0  0  0  0]]
-----------------
Chessboard input is: 
[[ 0  0  0  0  0  0  0  0]
 [ 0  0  0  0  0  0  0  0]
 [ 0  0  0 -1  1  0  0  0]
 [ 0  0 -1 -1 -1 -1 -1  0]
 [ 0  0  1 -1  1  0  1  0]
 [ 0  0  0 -1  1  0  0  0]
 [ 0  0  0  0  0  0  0  0]
 [ 0  0  0  0  0  0  0  0]]
['12011014', '-1', '0', 6, 4, 1, [[0, 0, 0, 0, 0, 0, 0, 0], [0, 0, 0, 0, 0, 0, 0, 0], [0, 0, 0, -1, 1, 0, 0, 0], [0, 0, -1, -1, -1, -1, -1, 0], [0, 0, 1, -1, 1, 0, 1, 0], [0, 0, 0, 1, 1, 0, 0, 0], [0, 0, 0, 0, 1, 0, 0, 0], [0, 0, 0, 0, 0, 0, 0, 0]]]
Use Time: 4.850671052932739, This step timeout is False
The candidate list of user is: [(2, 1), (2, 2), (2, 6), (5, 2), (6, 2), (6, 4), (6, 4)]
Chessboard output is: 
[[ 0  0  0  0  0  0  0  0]
 [ 0  0  0  0  0  0  0  0]
 [ 0  0  0 -1  1  0  0  0]
 [ 0  0 -1 -1 -1 -1 -1  0]
 [ 0  0  1 -1  1  0  1  0]
 [ 0  0  0  1  1  0  0  0]
 [ 0  0  0  0  1  0  0  0]
 [ 0  0  0  0  0  0  0  0]]
-----------------
Chessboard input is: 
[[ 0  0  0  0  0  0  0  0]
 [ 0  0  0  0  0  0  0  0]
 [ 0  0  0 -1  1  0  0  0]
 [ 0  0 -1 -1 -1 -1 -1  0]
 [ 0  0  1 -1  1  0  1  0]
 [ 0  0  0  1  1  0  0  0]
 [ 0  0  0  0  1  0  0  0]
 [ 0  0  0  0  0  0  0  0]]
['12011014', '-1', '0', 4, 5, -1, [[0, 0, 0, 0, 0, 0, 0, 0], [0, 0, 0, 0, 0, 0, 0, 0], [0, 0, 0, -1, 1, 0, 0, 0], [0, 0, -1, -1, -1, -1, -1, 0], [0, 0, 1, -1, -1, -1, 1, 0], [0, 0, 0, 1, 1, 0, 0, 0], [0, 0, 0, 0, 1, 0, 0, 0], [0, 0, 0, 0, 0, 0, 0, 0]]]
Use Time: 4.184640884399414, This step timeout is False
The candidate list of user is: [(1, 3), (1, 4), (1, 5), (2, 5), (4, 1), (4, 5), (5, 1), (5, 2), (5, 5), (5, 6), (5, 7), (6, 2), (6, 3), (6, 5), (7, 4), (1, 3), (1, 4), (2, 5), (4, 5)]
Chessboard output is: 
[[ 0  0  0  0  0  0  0  0]
 [ 0  0  0  0  0  0  0  0]
 [ 0  0  0 -1  1  0  0  0]
 [ 0  0 -1 -1 -1 -1 -1  0]
 [ 0  0  1 -1 -1 -1  1  0]
 [ 0  0  0  1  1  0  0  0]
 [ 0  0  0  0  1  0  0  0]
 [ 0  0  0  0  0  0  0  0]]
-----------------
Chessboard input is: 
[[ 0  0  0  0  0  0  0  0]
 [ 0  0  0  0  0  0  0  0]
 [ 0  0  0 -1  1  0  0  0]
 [ 0  0 -1 -1 -1 -1 -1  0]
 [ 0  0  1 -1 -1 -1  1  0]
 [ 0  0  0  1  1  0  0  0]
 [ 0  0  0  0  1  0  0  0]
 [ 0  0  0  0  0  0  0  0]]
['12011014', '-1', '0', 1, 3, 1, [[0, 0, 0, 0, 0, 0, 0, 0], [0, 0, 0, 1, 0, 0, 0, 0], [0, 0, 0, 1, 1, 0, 0, 0], [0, 0, -1, 1, -1, -1, -1, 0], [0, 0, 1, 1, -1, -1, 1, 0], [0, 0, 0, 1, 1, 0, 0, 0], [0, 0, 0, 0, 1, 0, 0, 0], [0, 0, 0, 0, 0, 0, 0, 0]]]
Use Time: 4.023122549057007, This step timeout is False
The candidate list of user is: [(1, 3), (2, 1), (2, 2), (2, 6), (2, 7), (1, 3)]
Chessboard output is: 
[[ 0  0  0  0  0  0  0  0]
 [ 0  0  0  1  0  0  0  0]
 [ 0  0  0  1  1  0  0  0]
 [ 0  0 -1  1 -1 -1 -1  0]
 [ 0  0  1  1 -1 -1  1  0]
 [ 0  0  0  1  1  0  0  0]
 [ 0  0  0  0  1  0  0  0]
 [ 0  0  0  0  0  0  0  0]]
-----------------
Chessboard input is: 
[[ 0  0  0  0  0  0  0  0]
 [ 0  0  0  1  0  0  0  0]
 [ 0  0  0  1  1  0  0  0]
 [ 0  0 -1  1 -1 -1 -1  0]
 [ 0  0  1  1 -1 -1  1  0]
 [ 0  0  0  1  1  0  0  0]
 [ 0  0  0  0  1  0  0  0]
 [ 0  0  0  0  0  0  0  0]]
['12011014', '-1', '0', 2, 2, -1, [[0, 0, 0, 0, 0, 0, 0, 0], [0, 0, 0, 1, 0, 0, 0, 0], [0, 0, -1, 1, 1, 0, 0, 0], [0, 0, -1, -1, -1, -1, -1, 0], [0, 0, 1, 1, -1, -1, 1, 0], [0, 0, 0, 1, 1, 0, 0, 0], [0, 0, 0, 0, 1, 0, 0, 0], [0, 0, 0, 0, 0, 0, 0, 0]]]
Use Time: 5.000441312789917, This step timeout is True
The candidate list of user is: [(0, 2), (1, 2), (1, 4), (2, 2), (4, 1), (4, 7), (5, 2), (5, 6), (5, 7), (6, 2), (6, 3), (6, 5), (7, 4), (0, 2), (1, 2), (2, 2)]
Chessboard output is: 
[[ 0  0  0  0  0  0  0  0]
 [ 0  0  0  1  0  0  0  0]
 [ 0  0 -1  1  1  0  0  0]
 [ 0  0 -1 -1 -1 -1 -1  0]
 [ 0  0  1  1 -1 -1  1  0]
 [ 0  0  0  1  1  0  0  0]
 [ 0  0  0  0  1  0  0  0]
 [ 0  0  0  0  0  0  0  0]]
-----------------
Chessboard input is: 
[[ 0  0  0  0  0  0  0  0]
 [ 0  0  0  1  0  0  0  0]
 [ 0  0 -1  1  1  0  0  0]
 [ 0  0 -1 -1 -1 -1 -1  0]
 [ 0  0  1  1 -1 -1  1  0]
 [ 0  0  0  1  1  0  0  0]
 [ 0  0  0  0  1  0  0  0]
 [ 0  0  0  0  0  0  0  0]]
['12011014', '-1', '0', 5, 6, 1, [[0, 0, 0, 0, 0, 0, 0, 0], [0, 0, 0, 1, 0, 0, 0, 0], [0, 0, -1, 1, 1, 0, 0, 0], [0, 0, -1, -1, 1, -1, -1, 0], [0, 0, 1, 1, -1, 1, 1, 0], [0, 0, 0, 1, 1, 0, 1, 0], [0, 0, 0, 0, 1, 0, 0, 0], [0, 0, 0, 0, 0, 0, 0, 0]]]
Use Time: 5.0005292892456055, This step timeout is True
The candidate list of user is: [(1, 2), (2, 1), (2, 5), (2, 6), (2, 7), (3, 1), (4, 1), (5, 6)]
Chessboard output is: 
[[ 0  0  0  0  0  0  0  0]
 [ 0  0  0  1  0  0  0  0]
 [ 0  0 -1  1  1  0  0  0]
 [ 0  0 -1 -1  1 -1 -1  0]
 [ 0  0  1  1 -1  1  1  0]
 [ 0  0  0  1  1  0  1  0]
 [ 0  0  0  0  1  0  0  0]
 [ 0  0  0  0  0  0  0  0]]
-----------------
Chessboard input is: 
[[ 0  0  0  0  0  0  0  0]
 [ 0  0  0  1  0  0  0  0]
 [ 0  0 -1  1  1  0  0  0]
 [ 0  0 -1 -1  1 -1 -1  0]
 [ 0  0  1  1 -1  1  1  0]
 [ 0  0  0  1  1  0  1  0]
 [ 0  0  0  0  1  0  0  0]
 [ 0  0  0  0  0  0  0  0]]
['12011014', '-1', '0', 4, 7, -1, [[0, 0, 0, 0, 0, 0, 0, 0], [0, 0, 0, 1, 0, 0, 0, 0], [0, 0, -1, 1, 1, 0, 0, 0], [0, 0, -1, -1, 1, -1, -1, 0], [0, 0, 1, 1, -1, -1, -1, -1], [0, 0, 0, 1, 1, 0, 1, 0], [0, 0, 0, 0, 1, 0, 0, 0], [0, 0, 0, 0, 0, 0, 0, 0]]]
Use Time: 5.000450611114502, This step timeout is True
The candidate list of user is: [(0, 2), (0, 3), (0, 4), (1, 4), (1, 5), (2, 5), (4, 1), (4, 7), (5, 1), (5, 2), (5, 5), (5, 7), (6, 2), (6, 3), (6, 5), (6, 6), (7, 4), (0, 2), (0, 4), (1, 4), (1, 5), (4, 7)]
Chessboard output is: 
[[ 0  0  0  0  0  0  0  0]
 [ 0  0  0  1  0  0  0  0]
 [ 0  0 -1  1  1  0  0  0]
 [ 0  0 -1 -1  1 -1 -1  0]
 [ 0  0  1  1 -1 -1 -1 -1]
 [ 0  0  0  1  1  0  1  0]
 [ 0  0  0  0  1  0  0  0]
 [ 0  0  0  0  0  0  0  0]]
-----------------
Chessboard input is: 
[[ 0  0  0  0  0  0  0  0]
 [ 0  0  0  1  0  0  0  0]
 [ 0  0 -1  1  1  0  0  0]
 [ 0  0 -1 -1  1 -1 -1  0]
 [ 0  0  1  1 -1 -1 -1 -1]
 [ 0  0  0  1  1  0  1  0]
 [ 0  0  0  0  1  0  0  0]
 [ 0  0  0  0  0  0  0  0]]
['12011014', '-1', '0', 5, 7, 1, [[0, 0, 0, 0, 0, 0, 0, 0], [0, 0, 0, 1, 0, 0, 0, 0], [0, 0, -1, 1, 1, 0, 0, 0], [0, 0, -1, -1, 1, 1, -1, 0], [0, 0, 1, 1, -1, -1, 1, -1], [0, 0, 0, 1, 1, 0, 1, 1], [0, 0, 0, 0, 1, 0, 0, 0], [0, 0, 0, 0, 0, 0, 0, 0]]]
Use Time: 5.000578880310059, This step timeout is True
The candidate list of user is: [(1, 2), (2, 1), (2, 6), (2, 7), (3, 1), (3, 7), (4, 1), (5, 7)]
Chessboard output is: 
[[ 0  0  0  0  0  0  0  0]
 [ 0  0  0  1  0  0  0  0]
 [ 0  0 -1  1  1  0  0  0]
 [ 0  0 -1 -1  1  1 -1  0]
 [ 0  0  1  1 -1 -1  1 -1]
 [ 0  0  0  1  1  0  1  1]
 [ 0  0  0  0  1  0  0  0]
 [ 0  0  0  0  0  0  0  0]]
-----------------
Chessboard input is: 
[[ 0  0  0  0  0  0  0  0]
 [ 0  0  0  1  0  0  0  0]
 [ 0  0 -1  1  1  0  0  0]
 [ 0  0 -1 -1  1  1 -1  0]
 [ 0  0  1  1 -1 -1  1 -1]
 [ 0  0  0  1  1  0  1  1]
 [ 0  0  0  0  1  0  0  0]
 [ 0  0  0  0  0  0  0  0]]
['12011014', '-1', '0', 2, 6, -1, [[0, 0, 0, 0, 0, 0, 0, 0], [0, 0, 0, 1, 0, 0, 0, 0], [0, 0, -1, 1, 1, 0, -1, 0], [0, 0, -1, -1, 1, -1, -1, 0], [0, 0, 1, 1, -1, -1, 1, -1], [0, 0, 0, 1, 1, 0, 1, 1], [0, 0, 0, 0, 1, 0, 0, 0], [0, 0, 0, 0, 0, 0, 0, 0]]]
Use Time: 5.000504970550537, This step timeout is True
The candidate list of user is: [(0, 3), (0, 4), (1, 2), (1, 4), (1, 5), (2, 5), (2, 6), (4, 1), (5, 1), (5, 2), (6, 2), (6, 3), (6, 5), (6, 6), (6, 7), (7, 4), (0, 3), (0, 4), (1, 5), (2, 6)]
Chessboard output is: 
[[ 0  0  0  0  0  0  0  0]
 [ 0  0  0  1  0  0  0  0]
 [ 0  0 -1  1  1  0 -1  0]
 [ 0  0 -1 -1  1 -1 -1  0]
 [ 0  0  1  1 -1 -1  1 -1]
 [ 0  0  0  1  1  0  1  1]
 [ 0  0  0  0  1  0  0  0]
 [ 0  0  0  0  0  0  0  0]]
-----------------
Chessboard input is: 
[[ 0  0  0  0  0  0  0  0]
 [ 0  0  0  1  0  0  0  0]
 [ 0  0 -1  1  1  0 -1  0]
 [ 0  0 -1 -1  1 -1 -1  0]
 [ 0  0  1  1 -1 -1  1 -1]
 [ 0  0  0  1  1  0  1  1]
 [ 0  0  0  0  1  0  0  0]
 [ 0  0  0  0  0  0  0  0]]
['12011014', '-1', '0', 4, 1, 1, [[0, 0, 0, 0, 0, 0, 0, 0], [0, 0, 0, 1, 0, 0, 0, 0], [0, 0, -1, 1, 1, 0, -1, 0], [0, 0, 1, -1, 1, -1, -1, 0], [0, 1, 1, 1, -1, -1, 1, -1], [0, 0, 0, 1, 1, 0, 1, 1], [0, 0, 0, 0, 1, 0, 0, 0], [0, 0, 0, 0, 0, 0, 0, 0]]]
Use Time: 5.000547647476196, This step timeout is True
The candidate list of user is: [(1, 2), (1, 6), (1, 7), (2, 1), (2, 7), (3, 1), (3, 7), (4, 1)]
Chessboard output is: 
[[ 0  0  0  0  0  0  0  0]
 [ 0  0  0  1  0  0  0  0]
 [ 0  0 -1  1  1  0 -1  0]
 [ 0  0  1 -1  1 -1 -1  0]
 [ 0  1  1  1 -1 -1  1 -1]
 [ 0  0  0  1  1  0  1  1]
 [ 0  0  0  0  1  0  0  0]
 [ 0  0  0  0  0  0  0  0]]
-----------------
Chessboard input is: 
[[ 0  0  0  0  0  0  0  0]
 [ 0  0  0  1  0  0  0  0]
 [ 0  0 -1  1  1  0 -1  0]
 [ 0  0  1 -1  1 -1 -1  0]
 [ 0  1  1  1 -1 -1  1 -1]
 [ 0  0  0  1  1  0  1  1]
 [ 0  0  0  0  1  0  0  0]
 [ 0  0  0  0  0  0  0  0]]
['12011014', '-1', '0', 3, 1, -1, [[0, 0, 0, 0, 0, 0, 0, 0], [0, 0, 0, 1, 0, 0, 0, 0], [0, 0, -1, 1, 1, 0, -1, 0], [0, -1, -1, -1, 1, -1, -1, 0], [0, 1, 1, 1, -1, -1, 1, -1], [0, 0, 0, 1, 1, 0, 1, 1], [0, 0, 0, 0, 1, 0, 0, 0], [0, 0, 0, 0, 0, 0, 0, 0]]]
Use Time: 5.00050687789917, This step timeout is True
The candidate list of user is: [(0, 2), (0, 3), (0, 4), (1, 2), (1, 4), (1, 5), (2, 5), (3, 1), (4, 0), (5, 1), (5, 2), (6, 2), (6, 3), (6, 5), (6, 6), (6, 7), (7, 4), (0, 2), (0, 3), (0, 4), (1, 4), (2, 5), (3, 1)]
Chessboard output is: 
[[ 0  0  0  0  0  0  0  0]
 [ 0  0  0  1  0  0  0  0]
 [ 0  0 -1  1  1  0 -1  0]
 [ 0 -1 -1 -1  1 -1 -1  0]
 [ 0  1  1  1 -1 -1  1 -1]
 [ 0  0  0  1  1  0  1  1]
 [ 0  0  0  0  1  0  0  0]
 [ 0  0  0  0  0  0  0  0]]
-----------------
Chessboard input is: 
[[ 0  0  0  0  0  0  0  0]
 [ 0  0  0  1  0  0  0  0]
 [ 0  0 -1  1  1  0 -1  0]
 [ 0 -1 -1 -1  1 -1 -1  0]
 [ 0  1  1  1 -1 -1  1 -1]
 [ 0  0  0  1  1  0  1  1]
 [ 0  0  0  0  1  0  0  0]
 [ 0  0  0  0  0  0  0  0]]
['12011014', '-1', '0', 4, 0, 1, [[0, 0, 0, 0, 0, 0, 0, 0], [0, 0, 0, 1, 0, 0, 0, 0], [0, 0, 1, 1, 1, 0, -1, 0], [0, 1, -1, -1, 1, -1, -1, 0], [1, 1, 1, 1, -1, -1, 1, -1], [0, 0, 0, 1, 1, 0, 1, 1], [0, 0, 0, 0, 1, 0, 0, 0], [0, 0, 0, 0, 0, 0, 0, 0]]]
Use Time: 5.000544548034668, This step timeout is True
The candidate list of user is: [(1, 2), (1, 6), (1, 7), (2, 0), (2, 1), (2, 7), (3, 0), (3, 7), (4, 0)]
Chessboard output is: 
[[ 0  0  0  0  0  0  0  0]
 [ 0  0  0  1  0  0  0  0]
 [ 0  0  1  1  1  0 -1  0]
 [ 0  1 -1 -1  1 -1 -1  0]
 [ 1  1  1  1 -1 -1  1 -1]
 [ 0  0  0  1  1  0  1  1]
 [ 0  0  0  0  1  0  0  0]
 [ 0  0  0  0  0  0  0  0]]
-----------------
Chessboard input is: 
[[ 0  0  0  0  0  0  0  0]
 [ 0  0  0  1  0  0  0  0]
 [ 0  0  1  1  1  0 -1  0]
 [ 0  1 -1 -1  1 -1 -1  0]
 [ 1  1  1  1 -1 -1  1 -1]
 [ 0  0  0  1  1  0  1  1]
 [ 0  0  0  0  1  0  0  0]
 [ 0  0  0  0  0  0  0  0]]
['12011014', '-1', '0', 3, 0, -1, [[0, 0, 0, 0, 0, 0, 0, 0], [0, 0, 0, 1, 0, 0, 0, 0], [0, 0, 1, 1, 1, 0, -1, 0], [-1, -1, -1, -1, 1, -1, -1, 0], [1, 1, 1, 1, -1, -1, 1, -1], [0, 0, 0, 1, 1, 0, 1, 1], [0, 0, 0, 0, 1, 0, 0, 0], [0, 0, 0, 0, 0, 0, 0, 0]]]
Use Time: 5.000454425811768, This step timeout is True
The candidate list of user is: [(0, 2), (0, 3), (1, 1), (1, 2), (1, 4), (1, 5), (3, 0), (5, 0), (5, 1), (5, 2), (6, 2), (6, 3), (6, 5), (6, 6), (6, 7), (7, 4), (0, 2), (0, 3), (1, 1), (3, 0)]
Chessboard output is: 
[[ 0  0  0  0  0  0  0  0]
 [ 0  0  0  1  0  0  0  0]
 [ 0  0  1  1  1  0 -1  0]
 [-1 -1 -1 -1  1 -1 -1  0]
 [ 1  1  1  1 -1 -1  1 -1]
 [ 0  0  0  1  1  0  1  1]
 [ 0  0  0  0  1  0  0  0]
 [ 0  0  0  0  0  0  0  0]]
-----------------
Chessboard input is: 
[[ 0  0  0  0  0  0  0  0]
 [ 0  0  0  1  0  0  0  0]
 [ 0  0  1  1  1  0 -1  0]
 [-1 -1 -1 -1  1 -1 -1  0]
 [ 1  1  1  1 -1 -1  1 -1]
 [ 0  0  0  1  1  0  1  1]
 [ 0  0  0  0  1  0  0  0]
 [ 0  0  0  0  0  0  0  0]]
['12011014', '-1', '0', 5, 5, 1, [[0, 0, 0, 0, 0, 0, 0, 0], [0, 0, 0, 1, 0, 0, 0, 0], [0, 0, 1, 1, 1, 0, -1, 0], [-1, -1, -1, 1, 1, -1, -1, 0], [1, 1, 1, 1, 1, -1, 1, -1], [0, 0, 0, 1, 1, 1, 1, 1], [0, 0, 0, 0, 1, 0, 0, 0], [0, 0, 0, 0, 0, 0, 0, 0]]]
Use Time: 5.00051474571228, This step timeout is True
The candidate list of user is: [(1, 6), (1, 7), (2, 0), (2, 1), (2, 7), (3, 7), (5, 5)]
Chessboard output is: 
[[ 0  0  0  0  0  0  0  0]
 [ 0  0  0  1  0  0  0  0]
 [ 0  0  1  1  1  0 -1  0]
 [-1 -1 -1  1  1 -1 -1  0]
 [ 1  1  1  1  1 -1  1 -1]
 [ 0  0  0  1  1  1  1  1]
 [ 0  0  0  0  1  0  0  0]
 [ 0  0  0  0  0  0  0  0]]
-----------------
Chessboard input is: 
[[ 0  0  0  0  0  0  0  0]
 [ 0  0  0  1  0  0  0  0]
 [ 0  0  1  1  1  0 -1  0]
 [-1 -1 -1  1  1 -1 -1  0]
 [ 1  1  1  1  1 -1  1 -1]
 [ 0  0  0  1  1  1  1  1]
 [ 0  0  0  0  1  0  0  0]
 [ 0  0  0  0  0  0  0  0]]
['12011014', '-1', '0', 1, 4, -1, [[0, 0, 0, 0, 0, 0, 0, 0], [0, 0, 0, 1, -1, 0, 0, 0], [0, 0, 1, -1, 1, 0, -1, 0], [-1, -1, -1, 1, 1, -1, -1, 0], [1, 1, 1, 1, 1, -1, 1, -1], [0, 0, 0, 1, 1, 1, 1, 1], [0, 0, 0, 0, 1, 0, 0, 0], [0, 0, 0, 0, 0, 0, 0, 0]]]
Use Time: 5.000481843948364, This step timeout is True
The candidate list of user is: [(0, 2), (0, 4), (1, 2), (1, 4), (5, 0), (5, 1), (5, 2), (6, 2), (6, 3), (6, 5), (6, 6), (6, 7), (7, 5), (0, 2), (1, 2), (1, 4)]
Chessboard output is: 
[[ 0  0  0  0  0  0  0  0]
 [ 0  0  0  1 -1  0  0  0]
 [ 0  0  1 -1  1  0 -1  0]
 [-1 -1 -1  1  1 -1 -1  0]
 [ 1  1  1  1  1 -1  1 -1]
 [ 0  0  0  1  1  1  1  1]
 [ 0  0  0  0  1  0  0  0]
 [ 0  0  0  0  0  0  0  0]]
-----------------
Chessboard input is: 
[[ 0  0  0  0  0  0  0  0]
 [ 0  0  0  1 -1  0  0  0]
 [ 0  0  1 -1  1  0 -1  0]
 [-1 -1 -1  1  1 -1 -1  0]
 [ 1  1  1  1  1 -1  1 -1]
 [ 0  0  0  1  1  1  1  1]
 [ 0  0  0  0  1  0  0  0]
 [ 0  0  0  0  0  0  0  0]]
['12011014', '-1', '0', 1, 5, 1, [[0, 0, 0, 0, 0, 0, 0, 0], [0, 0, 0, 1, 1, 1, 0, 0], [0, 0, 1, -1, 1, 0, -1, 0], [-1, -1, -1, 1, 1, -1, -1, 0], [1, 1, 1, 1, 1, -1, 1, -1], [0, 0, 0, 1, 1, 1, 1, 1], [0, 0, 0, 0, 1, 0, 0, 0], [0, 0, 0, 0, 0, 0, 0, 0]]]
Use Time: 3.5905559062957764, This step timeout is False
The candidate list of user is: [(0, 4), (0, 5), (1, 2), (1, 5), (1, 6), (1, 7), (2, 0), (2, 1), (2, 5), (2, 7), (3, 7), (1, 5)]
Chessboard output is: 
[[ 0  0  0  0  0  0  0  0]
 [ 0  0  0  1  1  1  0  0]
 [ 0  0  1 -1  1  0 -1  0]
 [-1 -1 -1  1  1 -1 -1  0]
 [ 1  1  1  1  1 -1  1 -1]
 [ 0  0  0  1  1  1  1  1]
 [ 0  0  0  0  1  0  0  0]
 [ 0  0  0  0  0  0  0  0]]
-----------------
Chessboard input is: 
[[ 0  0  0  0  0  0  0  0]
 [ 0  0  0  1  1  1  0  0]
 [ 0  0  1 -1  1  0 -1  0]
 [-1 -1 -1  1  1 -1 -1  0]
 [ 1  1  1  1  1 -1  1 -1]
 [ 0  0  0  1  1  1  1  1]
 [ 0  0  0  0  1  0  0  0]
 [ 0  0  0  0  0  0  0  0]]
['12011014', '-1', '0', 2, 5, -1, [[0, 0, 0, 0, 0, 0, 0, 0], [0, 0, 0, 1, 1, 1, 0, 0], [0, 0, 1, -1, -1, -1, -1, 0], [-1, -1, -1, 1, 1, -1, -1, 0], [1, 1, 1, 1, 1, -1, 1, -1], [0, 0, 0, 1, 1, 1, 1, 1], [0, 0, 0, 0, 1, 0, 0, 0], [0, 0, 0, 0, 0, 0, 0, 0]]]
Use Time: 5.000485897064209, This step timeout is True
The candidate list of user is: [(0, 2), (0, 3), (0, 4), (0, 5), (1, 2), (2, 1), (2, 5), (5, 0), (5, 1), (5, 2), (6, 2), (6, 3), (6, 5), (6, 6), (6, 7), (7, 5), (0, 2), (0, 3), (2, 5)]
Chessboard output is: 
[[ 0  0  0  0  0  0  0  0]
 [ 0  0  0  1  1  1  0  0]
 [ 0  0  1 -1 -1 -1 -1  0]
 [-1 -1 -1  1  1 -1 -1  0]
 [ 1  1  1  1  1 -1  1 -1]
 [ 0  0  0  1  1  1  1  1]
 [ 0  0  0  0  1  0  0  0]
 [ 0  0  0  0  0  0  0  0]]
-----------------
Chessboard input is: 
[[ 0  0  0  0  0  0  0  0]
 [ 0  0  0  1  1  1  0  0]
 [ 0  0  1 -1 -1 -1 -1  0]
 [-1 -1 -1  1  1 -1 -1  0]
 [ 1  1  1  1  1 -1  1 -1]
 [ 0  0  0  1  1  1  1  1]
 [ 0  0  0  0  1  0  0  0]
 [ 0  0  0  0  0  0  0  0]]
['12011014', '-1', '0', 1, 7, 1, [[0, 0, 0, 0, 0, 0, 0, 0], [0, 0, 0, 1, 1, 1, 0, 1], [0, 0, 1, -1, -1, -1, 1, 0], [-1, -1, -1, 1, 1, 1, -1, 0], [1, 1, 1, 1, 1, -1, 1, -1], [0, 0, 0, 1, 1, 1, 1, 1], [0, 0, 0, 0, 1, 0, 0, 0], [0, 0, 0, 0, 0, 0, 0, 0]]]
Use Time: 4.4657182693481445, This step timeout is False
The candidate list of user is: [(1, 2), (1, 6), (1, 7), (2, 0), (2, 1), (2, 7), (3, 7), (1, 7)]
Chessboard output is: 
[[ 0  0  0  0  0  0  0  0]
 [ 0  0  0  1  1  1  0  1]
 [ 0  0  1 -1 -1 -1  1  0]
 [-1 -1 -1  1  1  1 -1  0]
 [ 1  1  1  1  1 -1  1 -1]
 [ 0  0  0  1  1  1  1  1]
 [ 0  0  0  0  1  0  0  0]
 [ 0  0  0  0  0  0  0  0]]
-----------------
Chessboard input is: 
[[ 0  0  0  0  0  0  0  0]
 [ 0  0  0  1  1  1  0  1]
 [ 0  0  1 -1 -1 -1  1  0]
 [-1 -1 -1  1  1  1 -1  0]
 [ 1  1  1  1  1 -1  1 -1]
 [ 0  0  0  1  1  1  1  1]
 [ 0  0  0  0  1  0  0  0]
 [ 0  0  0  0  0  0  0  0]]
['12011014', '-1', '0', 1, 6, -1, [[0, 0, 0, 0, 0, 0, 0, 0], [0, 0, 0, 1, 1, 1, -1, 1], [0, 0, 1, -1, -1, -1, -1, 0], [-1, -1, -1, 1, 1, 1, -1, 0], [1, 1, 1, 1, 1, -1, 1, -1], [0, 0, 0, 1, 1, 1, 1, 1], [0, 0, 0, 0, 1, 0, 0, 0], [0, 0, 0, 0, 0, 0, 0, 0]]]
Use Time: 4.526984691619873, This step timeout is False
The candidate list of user is: [(0, 2), (0, 3), (0, 4), (0, 5), (0, 6), (1, 2), (1, 6), (2, 1), (2, 7), (5, 0), (5, 1), (5, 2), (6, 3), (6, 5), (6, 6), (6, 7), (7, 4), (7, 5), (0, 2), (0, 6), (1, 6)]
Chessboard output is: 
[[ 0  0  0  0  0  0  0  0]
 [ 0  0  0  1  1  1 -1  1]
 [ 0  0  1 -1 -1 -1 -1  0]
 [-1 -1 -1  1  1  1 -1  0]
 [ 1  1  1  1  1 -1  1 -1]
 [ 0  0  0  1  1  1  1  1]
 [ 0  0  0  0  1  0  0  0]
 [ 0  0  0  0  0  0  0  0]]
-----------------
Chessboard input is: 
[[ 0  0  0  0  0  0  0  0]
 [ 0  0  0  1  1  1 -1  1]
 [ 0  0  1 -1 -1 -1 -1  0]
 [-1 -1 -1  1  1  1 -1  0]
 [ 1  1  1  1  1 -1  1 -1]
 [ 0  0  0  1  1  1  1  1]
 [ 0  0  0  0  1  0  0  0]
 [ 0  0  0  0  0  0  0  0]]
['12011014', '-1', '0', 0, 6, 1, [[0, 0, 0, 0, 0, 0, 1, 0], [0, 0, 0, 1, 1, 1, 1, 1], [0, 0, 1, -1, -1, -1, 1, 0], [-1, -1, -1, 1, 1, 1, 1, 0], [1, 1, 1, 1, 1, -1, 1, -1], [0, 0, 0, 1, 1, 1, 1, 1], [0, 0, 0, 0, 1, 0, 0, 0], [0, 0, 0, 0, 0, 0, 0, 0]]]
Use Time: 4.4961097240448, This step timeout is False
The candidate list of user is: [(0, 6), (0, 7), (1, 2), (2, 0), (2, 1), (2, 7), (3, 7), (0, 6)]
Chessboard output is: 
[[ 0  0  0  0  0  0  1  0]
 [ 0  0  0  1  1  1  1  1]
 [ 0  0  1 -1 -1 -1  1  0]
 [-1 -1 -1  1  1  1  1  0]
 [ 1  1  1  1  1 -1  1 -1]
 [ 0  0  0  1  1  1  1  1]
 [ 0  0  0  0  1  0  0  0]
 [ 0  0  0  0  0  0  0  0]]
-----------------
Chessboard input is: 
[[ 0  0  0  0  0  0  1  0]
 [ 0  0  0  1  1  1  1  1]
 [ 0  0  1 -1 -1 -1  1  0]
 [-1 -1 -1  1  1  1  1  0]
 [ 1  1  1  1  1 -1  1 -1]
 [ 0  0  0  1  1  1  1  1]
 [ 0  0  0  0  1  0  0  0]
 [ 0  0  0  0  0  0  0  0]]
['12011014', '-1', '0', 2, 1, -1, [[0, 0, 0, 0, 0, 0, 1, 0], [0, 0, 0, 1, 1, 1, 1, 1], [0, -1, -1, -1, -1, -1, 1, 0], [-1, -1, -1, 1, 1, 1, 1, 0], [1, 1, 1, 1, 1, -1, 1, -1], [0, 0, 0, 1, 1, 1, 1, 1], [0, 0, 0, 0, 1, 0, 0, 0], [0, 0, 0, 0, 0, 0, 0, 0]]]
Use Time: 2.7395029067993164, This step timeout is False
The candidate list of user is: [(0, 2), (0, 3), (0, 4), (0, 5), (0, 7), (1, 2), (2, 1), (2, 7), (3, 7), (5, 0), (5, 1), (5, 2), (6, 3), (6, 5), (6, 7), (7, 4), (7, 5), (0, 2), (2, 1)]
Chessboard output is: 
[[ 0  0  0  0  0  0  1  0]
 [ 0  0  0  1  1  1  1  1]
 [ 0 -1 -1 -1 -1 -1  1  0]
 [-1 -1 -1  1  1  1  1  0]
 [ 1  1  1  1  1 -1  1 -1]
 [ 0  0  0  1  1  1  1  1]
 [ 0  0  0  0  1  0  0  0]
 [ 0  0  0  0  0  0  0  0]]
-----------------
Chessboard input is: 
[[ 0  0  0  0  0  0  1  0]
 [ 0  0  0  1  1  1  1  1]
 [ 0 -1 -1 -1 -1 -1  1  0]
 [-1 -1 -1  1  1  1  1  0]
 [ 1  1  1  1  1 -1  1 -1]
 [ 0  0  0  1  1  1  1  1]
 [ 0  0  0  0  1  0  0  0]
 [ 0  0  0  0  0  0  0  0]]
['12011014', '-1', '0', 1, 0, 1, [[0, 0, 0, 0, 0, 0, 1, 0], [1, 0, 0, 1, 1, 1, 1, 1], [0, 1, -1, -1, -1, -1, 1, 0], [-1, -1, 1, 1, 1, 1, 1, 0], [1, 1, 1, 1, 1, -1, 1, -1], [0, 0, 0, 1, 1, 1, 1, 1], [0, 0, 0, 0, 1, 0, 0, 0], [0, 0, 0, 0, 0, 0, 0, 0]]]
Use Time: 2.9266607761383057, This step timeout is False
The candidate list of user is: [(1, 0), (1, 1), (1, 2), (2, 0), (3, 7), (1, 0)]
Chessboard output is: 
[[ 0  0  0  0  0  0  1  0]
 [ 1  0  0  1  1  1  1  1]
 [ 0  1 -1 -1 -1 -1  1  0]
 [-1 -1  1  1  1  1  1  0]
 [ 1  1  1  1  1 -1  1 -1]
 [ 0  0  0  1  1  1  1  1]
 [ 0  0  0  0  1  0  0  0]
 [ 0  0  0  0  0  0  0  0]]
-----------------
Chessboard input is: 
[[ 0  0  0  0  0  0  1  0]
 [ 1  0  0  1  1  1  1  1]
 [ 0  1 -1 -1 -1 -1  1  0]
 [-1 -1  1  1  1  1  1  0]
 [ 1  1  1  1  1 -1  1 -1]
 [ 0  0  0  1  1  1  1  1]
 [ 0  0  0  0  1  0  0  0]
 [ 0  0  0  0  0  0  0  0]]
['12011014', '-1', '0', 1, 1, -1, [[0, 0, 0, 0, 0, 0, 1, 0], [1, -1, 0, 1, 1, 1, 1, 1], [0, -1, -1, -1, -1, -1, 1, 0], [-1, -1, 1, 1, 1, 1, 1, 0], [1, 1, 1, 1, 1, -1, 1, -1], [0, 0, 0, 1, 1, 1, 1, 1], [0, 0, 0, 0, 1, 0, 0, 0], [0, 0, 0, 0, 0, 0, 0, 0]]]
Use Time: 2.9853575229644775, This step timeout is False
The candidate list of user is: [(0, 2), (0, 3), (0, 4), (0, 5), (0, 7), (1, 1), (1, 2), (2, 0), (2, 7), (3, 7), (5, 0), (5, 1), (5, 2), (6, 3), (6, 5), (6, 6), (6, 7), (7, 4), (7, 5), (0, 2), (1, 1)]
Chessboard output is: 
[[ 0  0  0  0  0  0  1  0]
 [ 1 -1  0  1  1  1  1  1]
 [ 0 -1 -1 -1 -1 -1  1  0]
 [-1 -1  1  1  1  1  1  0]
 [ 1  1  1  1  1 -1  1 -1]
 [ 0  0  0  1  1  1  1  1]
 [ 0  0  0  0  1  0  0  0]
 [ 0  0  0  0  0  0  0  0]]
-----------------
Chessboard input is: 
[[ 0  0  0  0  0  0  1  0]
 [ 1 -1  0  1  1  1  1  1]
 [ 0 -1 -1 -1 -1 -1  1  0]
 [-1 -1  1  1  1  1  1  0]
 [ 1  1  1  1  1 -1  1 -1]
 [ 0  0  0  1  1  1  1  1]
 [ 0  0  0  0  1  0  0  0]
 [ 0  0  0  0  0  0  0  0]]
['12011014', '-1', '0', 0, 1, 1, [[0, 1, 0, 0, 0, 0, 1, 0], [1, 1, 0, 1, 1, 1, 1, 1], [0, 1, -1, -1, -1, -1, 1, 0], [-1, 1, 1, 1, 1, 1, 1, 0], [1, 1, 1, 1, 1, -1, 1, -1], [0, 0, 0, 1, 1, 1, 1, 1], [0, 0, 0, 0, 1, 0, 0, 0], [0, 0, 0, 0, 0, 0, 0, 0]]]
Use Time: 2.6059277057647705, This step timeout is False
The candidate list of user is: [(0, 0), (0, 1), (1, 2), (2, 0), (3, 7), (0, 1)]
Chessboard output is: 
[[ 0  1  0  0  0  0  1  0]
 [ 1  1  0  1  1  1  1  1]
 [ 0  1 -1 -1 -1 -1  1  0]
 [-1  1  1  1  1  1  1  0]
 [ 1  1  1  1  1 -1  1 -1]
 [ 0  0  0  1  1  1  1  1]
 [ 0  0  0  0  1  0  0  0]
 [ 0  0  0  0  0  0  0  0]]
-----------------
Chessboard input is: 
[[ 0  1  0  0  0  0  1  0]
 [ 1  1  0  1  1  1  1  1]
 [ 0  1 -1 -1 -1 -1  1  0]
 [-1  1  1  1  1  1  1  0]
 [ 1  1  1  1  1 -1  1 -1]
 [ 0  0  0  1  1  1  1  1]
 [ 0  0  0  0  1  0  0  0]
 [ 0  0  0  0  0  0  0  0]]
['12011014', '-1', '0', 1, 2, -1, [[0, 1, 0, 0, 0, 0, 1, 0], [1, 1, -1, 1, 1, 1, 1, 1], [0, -1, -1, -1, -1, -1, 1, 0], [-1, 1, 1, 1, 1, 1, 1, 0], [1, 1, 1, 1, 1, -1, 1, -1], [0, 0, 0, 1, 1, 1, 1, 1], [0, 0, 0, 0, 1, 0, 0, 0], [0, 0, 0, 0, 0, 0, 0, 0]]]
Use Time: 2.8895061016082764, This step timeout is False
The candidate list of user is: [(0, 0), (0, 2), (0, 3), (0, 4), (0, 5), (0, 7), (1, 2), (2, 0), (2, 7), (3, 7), (5, 0), (5, 1), (5, 2), (6, 3), (6, 5), (6, 6), (6, 7), (7, 4), (0, 0), (0, 2), (1, 2)]
Chessboard output is: 
[[ 0  1  0  0  0  0  1  0]
 [ 1  1 -1  1  1  1  1  1]
 [ 0 -1 -1 -1 -1 -1  1  0]
 [-1  1  1  1  1  1  1  0]
 [ 1  1  1  1  1 -1  1 -1]
 [ 0  0  0  1  1  1  1  1]
 [ 0  0  0  0  1  0  0  0]
 [ 0  0  0  0  0  0  0  0]]
-----------------
Chessboard input is: 
[[ 0  1  0  0  0  0  1  0]
 [ 1  1 -1  1  1  1  1  1]
 [ 0 -1 -1 -1 -1 -1  1  0]
 [-1  1  1  1  1  1  1  0]
 [ 1  1  1  1  1 -1  1 -1]
 [ 0  0  0  1  1  1  1  1]
 [ 0  0  0  0  1  0  0  0]
 [ 0  0  0  0  0  0  0  0]]
['12011014', '-1', '0', 0, 2, 1, [[0, 1, 1, 0, 0, 0, 1, 0], [1, 1, 1, 1, 1, 1, 1, 1], [0, -1, 1, -1, -1, -1, 1, 0], [-1, 1, 1, 1, 1, 1, 1, 0], [1, 1, 1, 1, 1, -1, 1, -1], [0, 0, 0, 1, 1, 1, 1, 1], [0, 0, 0, 0, 1, 0, 0, 0], [0, 0, 0, 0, 0, 0, 0, 0]]]
Use Time: 0.6551060676574707, This step timeout is False
The candidate list of user is: [(0, 2), (2, 0), (3, 7), (0, 2)]
Chessboard output is: 
[[ 0  1  1  0  0  0  1  0]
 [ 1  1  1  1  1  1  1  1]
 [ 0 -1  1 -1 -1 -1  1  0]
 [-1  1  1  1  1  1  1  0]
 [ 1  1  1  1  1 -1  1 -1]
 [ 0  0  0  1  1  1  1  1]
 [ 0  0  0  0  1  0  0  0]
 [ 0  0  0  0  0  0  0  0]]
-----------------
Chessboard input is: 
[[ 0  1  1  0  0  0  1  0]
 [ 1  1  1  1  1  1  1  1]
 [ 0 -1  1 -1 -1 -1  1  0]
 [-1  1  1  1  1  1  1  0]
 [ 1  1  1  1  1 -1  1 -1]
 [ 0  0  0  1  1  1  1  1]
 [ 0  0  0  0  1  0  0  0]
 [ 0  0  0  0  0  0  0  0]]
['12011014', '-1', '0', 2, 7, -1, [[0, 1, 1, 0, 0, 0, 1, 0], [1, 1, 1, 1, 1, 1, 1, 1], [0, -1, 1, -1, -1, -1, -1, -1], [-1, 1, 1, 1, 1, 1, -1, 0], [1, 1, 1, 1, 1, -1, 1, -1], [0, 0, 0, 1, 1, 1, 1, 1], [0, 0, 0, 0, 1, 0, 0, 0], [0, 0, 0, 0, 0, 0, 0, 0]]]
Use Time: 1.8384208679199219, This step timeout is False
The candidate list of user is: [(0, 3), (0, 4), (0, 5), (0, 7), (2, 7), (3, 7), (5, 0), (5, 1), (5, 2), (6, 3), (6, 5), (6, 7), (7, 4), (0, 3), (0, 5), (2, 7)]
Chessboard output is: 
[[ 0  1  1  0  0  0  1  0]
 [ 1  1  1  1  1  1  1  1]
 [ 0 -1  1 -1 -1 -1 -1 -1]
 [-1  1  1  1  1  1 -1  0]
 [ 1  1  1  1  1 -1  1 -1]
 [ 0  0  0  1  1  1  1  1]
 [ 0  0  0  0  1  0  0  0]
 [ 0  0  0  0  0  0  0  0]]
-----------------
Chessboard input is: 
[[ 0  1  1  0  0  0  1  0]
 [ 1  1  1  1  1  1  1  1]
 [ 0 -1  1 -1 -1 -1 -1 -1]
 [-1  1  1  1  1  1 -1  0]
 [ 1  1  1  1  1 -1  1 -1]
 [ 0  0  0  1  1  1  1  1]
 [ 0  0  0  0  1  0  0  0]
 [ 0  0  0  0  0  0  0  0]]
['12011014', '-1', '0', 3, 7, 1, [[0, 1, 1, 0, 0, 0, 1, 0], [1, 1, 1, 1, 1, 1, 1, 1], [0, -1, 1, -1, -1, -1, 1, 1], [-1, 1, 1, 1, 1, 1, 1, 1], [1, 1, 1, 1, 1, -1, 1, 1], [0, 0, 0, 1, 1, 1, 1, 1], [0, 0, 0, 0, 1, 0, 0, 0], [0, 0, 0, 0, 0, 0, 0, 0]]]
Use Time: 0.4111166000366211, This step timeout is False
The candidate list of user is: [(2, 0), (3, 7), (3, 7)]
Chessboard output is: 
[[ 0  1  1  0  0  0  1  0]
 [ 1  1  1  1  1  1  1  1]
 [ 0 -1  1 -1 -1 -1  1  1]
 [-1  1  1  1  1  1  1  1]
 [ 1  1  1  1  1 -1  1  1]
 [ 0  0  0  1  1  1  1  1]
 [ 0  0  0  0  1  0  0  0]
 [ 0  0  0  0  0  0  0  0]]
-----------------
Chessboard input is: 
[[ 0  1  1  0  0  0  1  0]
 [ 1  1  1  1  1  1  1  1]
 [ 0 -1  1 -1 -1 -1  1  1]
 [-1  1  1  1  1  1  1  1]
 [ 1  1  1  1  1 -1  1  1]
 [ 0  0  0  1  1  1  1  1]
 [ 0  0  0  0  1  0  0  0]
 [ 0  0  0  0  0  0  0  0]]
['12011014', '-1', '0', 0, 5, -1, [[0, 1, 1, 0, 0, -1, 1, 0], [1, 1, 1, 1, -1, -1, 1, 1], [0, -1, 1, -1, -1, -1, 1, 1], [-1, 1, 1, 1, 1, 1, 1, 1], [1, 1, 1, 1, 1, -1, 1, 1], [0, 0, 0, 1, 1, 1, 1, 1], [0, 0, 0, 0, 1, 0, 0, 0], [0, 0, 0, 0, 0, 0, 0, 0]]]
Use Time: 1.0952174663543701, This step timeout is False
The candidate list of user is: [(0, 3), (0, 4), (0, 5), (0, 7), (5, 0), (5, 1), (5, 2), (6, 3), (6, 5), (6, 7), (7, 4), (0, 3), (0, 5)]
Chessboard output is: 
[[ 0  1  1  0  0 -1  1  0]
 [ 1  1  1  1 -1 -1  1  1]
 [ 0 -1  1 -1 -1 -1  1  1]
 [-1  1  1  1  1  1  1  1]
 [ 1  1  1  1  1 -1  1  1]
 [ 0  0  0  1  1  1  1  1]
 [ 0  0  0  0  1  0  0  0]
 [ 0  0  0  0  0  0  0  0]]
-----------------
Chessboard input is: 
[[ 0  1  1  0  0 -1  1  0]
 [ 1  1  1  1 -1 -1  1  1]
 [ 0 -1  1 -1 -1 -1  1  1]
 [-1  1  1  1  1  1  1  1]
 [ 1  1  1  1  1 -1  1  1]
 [ 0  0  0  1  1  1  1  1]
 [ 0  0  0  0  1  0  0  0]
 [ 0  0  0  0  0  0  0  0]]
['12011014', '-1', '0', 0, 3, 1, [[0, 1, 1, 1, 0, -1, 1, 0], [1, 1, 1, 1, 1, -1, 1, 1], [0, -1, 1, -1, -1, 1, 1, 1], [-1, 1, 1, 1, 1, 1, 1, 1], [1, 1, 1, 1, 1, -1, 1, 1], [0, 0, 0, 1, 1, 1, 1, 1], [0, 0, 0, 0, 1, 0, 0, 0], [0, 0, 0, 0, 0, 0, 0, 0]]]
Use Time: 0.4186573028564453, This step timeout is False
The candidate list of user is: [(0, 3), (0, 4), (2, 0), (0, 3)]
Chessboard output is: 
[[ 0  1  1  1  0 -1  1  0]
 [ 1  1  1  1  1 -1  1  1]
 [ 0 -1  1 -1 -1  1  1  1]
 [-1  1  1  1  1  1  1  1]
 [ 1  1  1  1  1 -1  1  1]
 [ 0  0  0  1  1  1  1  1]
 [ 0  0  0  0  1  0  0  0]
 [ 0  0  0  0  0  0  0  0]]
-----------------
Chessboard input is: 
[[ 0  1  1  1  0 -1  1  0]
 [ 1  1  1  1  1 -1  1  1]
 [ 0 -1  1 -1 -1  1  1  1]
 [-1  1  1  1  1  1  1  1]
 [ 1  1  1  1  1 -1  1  1]
 [ 0  0  0  1  1  1  1  1]
 [ 0  0  0  0  1  0  0  0]
 [ 0  0  0  0  0  0  0  0]]
['12011014', '-1', '0', 0, 4, -1, [[0, 1, 1, 1, -1, -1, 1, 0], [1, 1, 1, 1, -1, -1, 1, 1], [0, -1, 1, -1, -1, 1, 1, 1], [-1, 1, 1, 1, 1, 1, 1, 1], [1, 1, 1, 1, 1, -1, 1, 1], [0, 0, 0, 1, 1, 1, 1, 1], [0, 0, 0, 0, 1, 0, 0, 0], [0, 0, 0, 0, 0, 0, 0, 0]]]
Use Time: 0.9436361789703369, This step timeout is False
The candidate list of user is: [(0, 4), (0, 7), (5, 0), (5, 1), (5, 2), (6, 3), (6, 5), (6, 7), (7, 4), (0, 4)]
Chessboard output is: 
[[ 0  1  1  1 -1 -1  1  0]
 [ 1  1  1  1 -1 -1  1  1]
 [ 0 -1  1 -1 -1  1  1  1]
 [-1  1  1  1  1  1  1  1]
 [ 1  1  1  1  1 -1  1  1]
 [ 0  0  0  1  1  1  1  1]
 [ 0  0  0  0  1  0  0  0]
 [ 0  0  0  0  0  0  0  0]]
-----------------
Chessboard input is: 
[[ 0  1  1  1 -1 -1  1  0]
 [ 1  1  1  1 -1 -1  1  1]
 [ 0 -1  1 -1 -1  1  1  1]
 [-1  1  1  1  1  1  1  1]
 [ 1  1  1  1  1 -1  1  1]
 [ 0  0  0  1  1  1  1  1]
 [ 0  0  0  0  1  0  0  0]
 [ 0  0  0  0  0  0  0  0]]
['12011014', '-1', '0', 2, 0, 1, [[0, 1, 1, 1, -1, -1, 1, 0], [1, 1, 1, 1, -1, -1, 1, 1], [1, 1, 1, -1, -1, 1, 1, 1], [1, 1, 1, 1, 1, 1, 1, 1], [1, 1, 1, 1, 1, -1, 1, 1], [0, 0, 0, 1, 1, 1, 1, 1], [0, 0, 0, 0, 1, 0, 0, 0], [0, 0, 0, 0, 0, 0, 0, 0]]]
Use Time: 0.12714624404907227, This step timeout is False
The candidate list of user is: [(2, 0), (2, 0)]
Chessboard output is: 
[[ 0  1  1  1 -1 -1  1  0]
 [ 1  1  1  1 -1 -1  1  1]
 [ 1  1  1 -1 -1  1  1  1]
 [ 1  1  1  1  1  1  1  1]
 [ 1  1  1  1  1 -1  1  1]
 [ 0  0  0  1  1  1  1  1]
 [ 0  0  0  0  1  0  0  0]
 [ 0  0  0  0  0  0  0  0]]
-----------------
Chessboard input is: 
[[ 0  1  1  1 -1 -1  1  0]
 [ 1  1  1  1 -1 -1  1  1]
 [ 1  1  1 -1 -1  1  1  1]
 [ 1  1  1  1  1  1  1  1]
 [ 1  1  1  1  1 -1  1  1]
 [ 0  0  0  1  1  1  1  1]
 [ 0  0  0  0  1  0  0  0]
 [ 0  0  0  0  0  0  0  0]]
['12011014', '-1', '0', 6, 5, -1, [[0, 1, 1, 1, -1, -1, 1, 0], [1, 1, 1, 1, -1, -1, 1, 1], [1, 1, 1, -1, -1, 1, 1, 1], [1, 1, 1, 1, 1, 1, 1, 1], [1, 1, 1, 1, 1, -1, 1, 1], [0, 0, 0, 1, 1, -1, 1, 1], [0, 0, 0, 0, 1, -1, 0, 0], [0, 0, 0, 0, 0, 0, 0, 0]]]
Use Time: 0.41558337211608887, This step timeout is False
The candidate list of user is: [(0, 0), (0, 7), (5, 0), (5, 1), (6, 3), (6, 5), (6, 7), (7, 4), (0, 0), (0, 7), (5, 0), (5, 1), (6, 5)]
Chessboard output is: 
[[ 0  1  1  1 -1 -1  1  0]
 [ 1  1  1  1 -1 -1  1  1]
 [ 1  1  1 -1 -1  1  1  1]
 [ 1  1  1  1  1  1  1  1]
 [ 1  1  1  1  1 -1  1  1]
 [ 0  0  0  1  1 -1  1  1]
 [ 0  0  0  0  1 -1  0  0]
 [ 0  0  0  0  0  0  0  0]]
-----------------
Chessboard input is: 
[[ 0  1  1  1 -1 -1  1  0]
 [ 1  1  1  1 -1 -1  1  1]
 [ 1  1  1 -1 -1  1  1  1]
 [ 1  1  1  1  1  1  1  1]
 [ 1  1  1  1  1 -1  1  1]
 [ 0  0  0  1  1 -1  1  1]
 [ 0  0  0  0  1 -1  0  0]
 [ 0  0  0  0  0  0  0  0]]
['12011014', '-1', '0', 7, 6, 1, [[0, 1, 1, 1, -1, -1, 1, 0], [1, 1, 1, 1, -1, -1, 1, 1], [1, 1, 1, -1, -1, 1, 1, 1], [1, 1, 1, 1, 1, 1, 1, 1], [1, 1, 1, 1, 1, -1, 1, 1], [0, 0, 0, 1, 1, -1, 1, 1], [0, 0, 0, 0, 1, 1, 0, 0], [0, 0, 0, 0, 0, 0, 1, 0]]]
Use Time: 0.29259252548217773, This step timeout is False
The candidate list of user is: [(6, 6), (7, 4), (7, 5), (7, 6), (7, 6)]
Chessboard output is: 
[[ 0  1  1  1 -1 -1  1  0]
 [ 1  1  1  1 -1 -1  1  1]
 [ 1  1  1 -1 -1  1  1  1]
 [ 1  1  1  1  1  1  1  1]
 [ 1  1  1  1  1 -1  1  1]
 [ 0  0  0  1  1 -1  1  1]
 [ 0  0  0  0  1  1  0  0]
 [ 0  0  0  0  0  0  1  0]]
-----------------
Chessboard input is: 
[[ 0  1  1  1 -1 -1  1  0]
 [ 1  1  1  1 -1 -1  1  1]
 [ 1  1  1 -1 -1  1  1  1]
 [ 1  1  1  1  1  1  1  1]
 [ 1  1  1  1  1 -1  1  1]
 [ 0  0  0  1  1 -1  1  1]
 [ 0  0  0  0  1  1  0  0]
 [ 0  0  0  0  0  0  1  0]]
['12011014', '-1', '0', 7, 5, -1, [[0, 1, 1, 1, -1, -1, 1, 0], [1, 1, 1, 1, -1, -1, 1, 1], [1, 1, 1, -1, -1, 1, 1, 1], [1, 1, 1, 1, 1, 1, 1, 1], [1, 1, 1, 1, 1, -1, 1, 1], [0, 0, 0, 1, 1, -1, 1, 1], [0, 0, 0, 0, 1, -1, 0, 0], [0, 0, 0, 0, 0, -1, 1, 0]]]
Use Time: 0.5868942737579346, This step timeout is False
The candidate list of user is: [(0, 0), (0, 7), (5, 0), (5, 1), (5, 2), (6, 3), (6, 7), (7, 3), (7, 4), (7, 5), (0, 0), (0, 7), (5, 0), (5, 1), (5, 2), (6, 7), (7, 5)]
Chessboard output is: 
[[ 0  1  1  1 -1 -1  1  0]
 [ 1  1  1  1 -1 -1  1  1]
 [ 1  1  1 -1 -1  1  1  1]
 [ 1  1  1  1  1  1  1  1]
 [ 1  1  1  1  1 -1  1  1]
 [ 0  0  0  1  1 -1  1  1]
 [ 0  0  0  0  1 -1  0  0]
 [ 0  0  0  0  0 -1  1  0]]
-----------------
Chessboard input is: 
[[ 0  1  1  1 -1 -1  1  0]
 [ 1  1  1  1 -1 -1  1  1]
 [ 1  1  1 -1 -1  1  1  1]
 [ 1  1  1  1  1  1  1  1]
 [ 1  1  1  1  1 -1  1  1]
 [ 0  0  0  1  1 -1  1  1]
 [ 0  0  0  0  1 -1  0  0]
 [ 0  0  0  0  0 -1  1  0]]
['12011014', '-1', '0', 6, 6, 1, [[0, 1, 1, 1, -1, -1, 1, 0], [1, 1, 1, 1, -1, -1, 1, 1], [1, 1, 1, -1, -1, 1, 1, 1], [1, 1, 1, 1, 1, 1, 1, 1], [1, 1, 1, 1, 1, -1, 1, 1], [0, 0, 0, 1, 1, 1, 1, 1], [0, 0, 0, 0, 1, 1, 1, 0], [0, 0, 0, 0, 0, -1, 1, 0]]]
Use Time: 0.0980525016784668, This step timeout is False
The candidate list of user is: [(6, 6), (7, 4), (6, 6)]
Chessboard output is: 
[[ 0  1  1  1 -1 -1  1  0]
 [ 1  1  1  1 -1 -1  1  1]
 [ 1  1  1 -1 -1  1  1  1]
 [ 1  1  1  1  1  1  1  1]
 [ 1  1  1  1  1 -1  1  1]
 [ 0  0  0  1  1  1  1  1]
 [ 0  0  0  0  1  1  1  0]
 [ 0  0  0  0  0 -1  1  0]]
-----------------
Chessboard input is: 
[[ 0  1  1  1 -1 -1  1  0]
 [ 1  1  1  1 -1 -1  1  1]
 [ 1  1  1 -1 -1  1  1  1]
 [ 1  1  1  1  1  1  1  1]
 [ 1  1  1  1  1 -1  1  1]
 [ 0  0  0  1  1  1  1  1]
 [ 0  0  0  0  1  1  1  0]
 [ 0  0  0  0  0 -1  1  0]]
['12011014', '-1', '0', 7, 4, -1, [[0, 1, 1, 1, -1, -1, 1, 0], [1, 1, 1, 1, -1, -1, 1, 1], [1, 1, 1, -1, -1, 1, 1, 1], [1, 1, 1, 1, -1, 1, 1, 1], [1, 1, 1, 1, -1, -1, 1, 1], [0, 0, 0, 1, -1, 1, 1, 1], [0, 0, 0, 0, -1, 1, 1, 0], [0, 0, 0, 0, -1, -1, 1, 0]]]
Use Time: 0.27580761909484863, This step timeout is False
The candidate list of user is: [(0, 0), (0, 7), (5, 0), (5, 1), (6, 3), (6, 7), (7, 4), (7, 7), (0, 0), (5, 0), (6, 7), (7, 4)]
Chessboard output is: 
[[ 0  1  1  1 -1 -1  1  0]
 [ 1  1  1  1 -1 -1  1  1]
 [ 1  1  1 -1 -1  1  1  1]
 [ 1  1  1  1 -1  1  1  1]
 [ 1  1  1  1 -1 -1  1  1]
 [ 0  0  0  1 -1  1  1  1]
 [ 0  0  0  0 -1  1  1  0]
 [ 0  0  0  0 -1 -1  1  0]]
-----------------
Chessboard input is: 
[[ 0  1  1  1 -1 -1  1  0]
 [ 1  1  1  1 -1 -1  1  1]
 [ 1  1  1 -1 -1  1  1  1]
 [ 1  1  1  1 -1  1  1  1]
 [ 1  1  1  1 -1 -1  1  1]
 [ 0  0  0  1 -1  1  1  1]
 [ 0  0  0  0 -1  1  1  0]
 [ 0  0  0  0 -1 -1  1  0]]
['12011014', '-1', '0', 6, 3, 1, [[0, 1, 1, 1, -1, -1, 1, 0], [1, 1, 1, 1, -1, -1, 1, 1], [1, 1, 1, -1, -1, 1, 1, 1], [1, 1, 1, 1, -1, 1, 1, 1], [1, 1, 1, 1, -1, 1, 1, 1], [0, 0, 0, 1, 1, 1, 1, 1], [0, 0, 0, 1, 1, 1, 1, 0], [0, 0, 0, 0, -1, -1, 1, 0]]]
Use Time: 0.09000992774963379, This step timeout is False
The candidate list of user is: [(6, 3), (7, 3), (6, 3)]
Chessboard output is: 
[[ 0  1  1  1 -1 -1  1  0]
 [ 1  1  1  1 -1 -1  1  1]
 [ 1  1  1 -1 -1  1  1  1]
 [ 1  1  1  1 -1  1  1  1]
 [ 1  1  1  1 -1  1  1  1]
 [ 0  0  0  1  1  1  1  1]
 [ 0  0  0  1  1  1  1  0]
 [ 0  0  0  0 -1 -1  1  0]]
-----------------
Chessboard input is: 
[[ 0  1  1  1 -1 -1  1  0]
 [ 1  1  1  1 -1 -1  1  1]
 [ 1  1  1 -1 -1  1  1  1]
 [ 1  1  1  1 -1  1  1  1]
 [ 1  1  1  1 -1  1  1  1]
 [ 0  0  0  1  1  1  1  1]
 [ 0  0  0  1  1  1  1  0]
 [ 0  0  0  0 -1 -1  1  0]]
['12011014', '-1', '0', 6, 7, -1, [[0, 1, 1, 1, -1, -1, 1, 0], [1, 1, 1, 1, -1, -1, 1, 1], [1, 1, 1, -1, -1, 1, 1, 1], [1, 1, 1, 1, -1, 1, 1, 1], [1, 1, 1, 1, -1, -1, 1, 1], [0, 0, 0, 1, 1, 1, -1, 1], [0, 0, 0, 1, 1, 1, 1, -1], [0, 0, 0, 0, -1, -1, 1, 0]]]
Use Time: 0.3131062984466553, This step timeout is False
The candidate list of user is: [(0, 0), (0, 7), (5, 0), (5, 1), (5, 2), (6, 2), (6, 7), (7, 3), (7, 7), (0, 0), (5, 0), (5, 2), (6, 7)]
Chessboard output is: 
[[ 0  1  1  1 -1 -1  1  0]
 [ 1  1  1  1 -1 -1  1  1]
 [ 1  1  1 -1 -1  1  1  1]
 [ 1  1  1  1 -1  1  1  1]
 [ 1  1  1  1 -1 -1  1  1]
 [ 0  0  0  1  1  1 -1  1]
 [ 0  0  0  1  1  1  1 -1]
 [ 0  0  0  0 -1 -1  1  0]]
-----------------
Chessboard input is: 
[[ 0  1  1  1 -1 -1  1  0]
 [ 1  1  1  1 -1 -1  1  1]
 [ 1  1  1 -1 -1  1  1  1]
 [ 1  1  1  1 -1  1  1  1]
 [ 1  1  1  1 -1 -1  1  1]
 [ 0  0  0  1  1  1 -1  1]
 [ 0  0  0  1  1  1  1 -1]
 [ 0  0  0  0 -1 -1  1  0]]
['12011014', '-1', '0', 7, 3, 1, [[0, 1, 1, 1, -1, -1, 1, 0], [1, 1, 1, 1, -1, -1, 1, 1], [1, 1, 1, -1, -1, 1, 1, 1], [1, 1, 1, 1, -1, 1, 1, 1], [1, 1, 1, 1, -1, -1, 1, 1], [0, 0, 0, 1, 1, 1, -1, 1], [0, 0, 0, 1, 1, 1, 1, -1], [0, 0, 0, 1, 1, 1, 1, 0]]]
Use Time: 0.07935762405395508, This step timeout is False
The candidate list of user is: [(7, 3), (7, 7), (7, 3)]
Chessboard output is: 
[[ 0  1  1  1 -1 -1  1  0]
 [ 1  1  1  1 -1 -1  1  1]
 [ 1  1  1 -1 -1  1  1  1]
 [ 1  1  1  1 -1  1  1  1]
 [ 1  1  1  1 -1 -1  1  1]
 [ 0  0  0  1  1  1 -1  1]
 [ 0  0  0  1  1  1  1 -1]
 [ 0  0  0  1  1  1  1  0]]
-----------------
Chessboard input is: 
[[ 0  1  1  1 -1 -1  1  0]
 [ 1  1  1  1 -1 -1  1  1]
 [ 1  1  1 -1 -1  1  1  1]
 [ 1  1  1  1 -1  1  1  1]
 [ 1  1  1  1 -1 -1  1  1]
 [ 0  0  0  1  1  1 -1  1]
 [ 0  0  0  1  1  1  1 -1]
 [ 0  0  0  1  1  1  1  0]]
['12011014', '-1', '0', 5, 2, -1, [[0, 1, 1, 1, -1, -1, 1, 0], [1, 1, 1, 1, -1, -1, 1, 1], [1, 1, 1, -1, -1, 1, 1, 1], [1, 1, 1, 1, -1, 1, 1, 1], [1, 1, 1, -1, -1, -1, 1, 1], [0, 0, -1, -1, -1, -1, -1, 1], [0, 0, 0, 1, 1, 1, 1, -1], [0, 0, 0, 1, 1, 1, 1, 0]]]
Use Time: 0.25424838066101074, This step timeout is False
The candidate list of user is: [(0, 0), (0, 7), (5, 0), (5, 1), (5, 2), (6, 2), (7, 2), (7, 7), (0, 0), (5, 0), (5, 1), (5, 2)]
Chessboard output is: 
[[ 0  1  1  1 -1 -1  1  0]
 [ 1  1  1  1 -1 -1  1  1]
 [ 1  1  1 -1 -1  1  1  1]
 [ 1  1  1  1 -1  1  1  1]
 [ 1  1  1 -1 -1 -1  1  1]
 [ 0  0 -1 -1 -1 -1 -1  1]
 [ 0  0  0  1  1  1  1 -1]
 [ 0  0  0  1  1  1  1  0]]
-----------------
Chessboard input is: 
[[ 0  1  1  1 -1 -1  1  0]
 [ 1  1  1  1 -1 -1  1  1]
 [ 1  1  1 -1 -1  1  1  1]
 [ 1  1  1  1 -1  1  1  1]
 [ 1  1  1 -1 -1 -1  1  1]
 [ 0  0 -1 -1 -1 -1 -1  1]
 [ 0  0  0  1  1  1  1 -1]
 [ 0  0  0  1  1  1  1  0]]
['12011014', '-1', '0', 6, 1, 1, [[0, 1, 1, 1, -1, -1, 1, 0], [1, 1, 1, 1, -1, -1, 1, 1], [1, 1, 1, -1, -1, 1, 1, 1], [1, 1, 1, 1, 1, 1, 1, 1], [1, 1, 1, 1, -1, -1, 1, 1], [0, 0, 1, -1, -1, -1, -1, 1], [0, 1, 0, 1, 1, 1, 1, -1], [0, 0, 0, 1, 1, 1, 1, 0]]]
Use Time: 0.05301022529602051, This step timeout is False
The candidate list of user is: [(5, 1), (6, 1), (6, 2), (7, 7), (6, 1)]
Chessboard output is: 
[[ 0  1  1  1 -1 -1  1  0]
 [ 1  1  1  1 -1 -1  1  1]
 [ 1  1  1 -1 -1  1  1  1]
 [ 1  1  1  1  1  1  1  1]
 [ 1  1  1  1 -1 -1  1  1]
 [ 0  0  1 -1 -1 -1 -1  1]
 [ 0  1  0  1  1  1  1 -1]
 [ 0  0  0  1  1  1  1  0]]
-----------------
Chessboard input is: 
[[ 0  1  1  1 -1 -1  1  0]
 [ 1  1  1  1 -1 -1  1  1]
 [ 1  1  1 -1 -1  1  1  1]
 [ 1  1  1  1  1  1  1  1]
 [ 1  1  1  1 -1 -1  1  1]
 [ 0  0  1 -1 -1 -1 -1  1]
 [ 0  1  0  1  1  1  1 -1]
 [ 0  0  0  1  1  1  1  0]]
['12011014', '-1', '0', 5, 1, -1, [[0, 1, 1, 1, -1, -1, 1, 0], [1, 1, 1, 1, -1, -1, 1, 1], [1, 1, 1, -1, -1, 1, 1, 1], [1, 1, 1, -1, 1, 1, 1, 1], [1, 1, -1, 1, -1, -1, 1, 1], [0, -1, -1, -1, -1, -1, -1, 1], [0, 1, 0, 1, 1, 1, 1, -1], [0, 0, 0, 1, 1, 1, 1, 0]]]
Use Time: 0.14126276969909668, This step timeout is False
The candidate list of user is: [(0, 0), (0, 7), (5, 0), (5, 1), (6, 2), (7, 2), (7, 7), (0, 0), (5, 0), (5, 1)]
Chessboard output is: 
[[ 0  1  1  1 -1 -1  1  0]
 [ 1  1  1  1 -1 -1  1  1]
 [ 1  1  1 -1 -1  1  1  1]
 [ 1  1  1 -1  1  1  1  1]
 [ 1  1 -1  1 -1 -1  1  1]
 [ 0 -1 -1 -1 -1 -1 -1  1]
 [ 0  1  0  1  1  1  1 -1]
 [ 0  0  0  1  1  1  1  0]]
-----------------
Chessboard input is: 
[[ 0  1  1  1 -1 -1  1  0]
 [ 1  1  1  1 -1 -1  1  1]
 [ 1  1  1 -1 -1  1  1  1]
 [ 1  1  1 -1  1  1  1  1]
 [ 1  1 -1  1 -1 -1  1  1]
 [ 0 -1 -1 -1 -1 -1 -1  1]
 [ 0  1  0  1  1  1  1 -1]
 [ 0  0  0  1  1  1  1  0]]
['12011014', '-1', '0', 6, 2, 1, [[0, 1, 1, 1, -1, -1, 1, 0], [1, 1, 1, 1, -1, -1, 1, 1], [1, 1, 1, -1, -1, 1, 1, 1], [1, 1, 1, -1, 1, 1, 1, 1], [1, 1, 1, 1, 1, -1, 1, 1], [0, 1, 1, 1, -1, -1, -1, 1], [0, 1, 1, 1, 1, 1, 1, -1], [0, 0, 0, 1, 1, 1, 1, 0]]]
Use Time: 0.024667978286743164, This step timeout is False
The candidate list of user is: [(5, 0), (6, 0), (6, 2), (7, 7), (6, 2)]
Chessboard output is: 
[[ 0  1  1  1 -1 -1  1  0]
 [ 1  1  1  1 -1 -1  1  1]
 [ 1  1  1 -1 -1  1  1  1]
 [ 1  1  1 -1  1  1  1  1]
 [ 1  1  1  1  1 -1  1  1]
 [ 0  1  1  1 -1 -1 -1  1]
 [ 0  1  1  1  1  1  1 -1]
 [ 0  0  0  1  1  1  1  0]]
-----------------
Chessboard input is: 
[[ 0  1  1  1 -1 -1  1  0]
 [ 1  1  1  1 -1 -1  1  1]
 [ 1  1  1 -1 -1  1  1  1]
 [ 1  1  1 -1  1  1  1  1]
 [ 1  1  1  1  1 -1  1  1]
 [ 0  1  1  1 -1 -1 -1  1]
 [ 0  1  1  1  1  1  1 -1]
 [ 0  0  0  1  1  1  1  0]]
['12011014', '-1', '0', 0, 0, -1, [[-1, -1, -1, -1, -1, -1, 1, 0], [1, -1, 1, 1, -1, -1, 1, 1], [1, 1, -1, -1, -1, 1, 1, 1], [1, 1, 1, -1, 1, 1, 1, 1], [1, 1, 1, 1, 1, -1, 1, 1], [0, 1, 1, 1, -1, -1, -1, 1], [0, 1, 1, 1, 1, 1, 1, -1], [0, 0, 0, 1, 1, 1, 1, 0]]]
Use Time: 0.306382417678833, This step timeout is False
The candidate list of user is: [(0, 0), (0, 7), (5, 0), (6, 0), (7, 2), (7, 7), (0, 0)]
Chessboard output is: 
[[-1 -1 -1 -1 -1 -1  1  0]
 [ 1 -1  1  1 -1 -1  1  1]
 [ 1  1 -1 -1 -1  1  1  1]
 [ 1  1  1 -1  1  1  1  1]
 [ 1  1  1  1  1 -1  1  1]
 [ 0  1  1  1 -1 -1 -1  1]
 [ 0  1  1  1  1  1  1 -1]
 [ 0  0  0  1  1  1  1  0]]
-----------------
Chessboard input is: 
[[-1 -1 -1 -1 -1 -1  1  0]
 [ 1 -1  1  1 -1 -1  1  1]
 [ 1  1 -1 -1 -1  1  1  1]
 [ 1  1  1 -1  1  1  1  1]
 [ 1  1  1  1  1 -1  1  1]
 [ 0  1  1  1 -1 -1 -1  1]
 [ 0  1  1  1  1  1  1 -1]
 [ 0  0  0  1  1  1  1  0]]
['12011014', '-1', '0', 7, 7, 1, [[-1, -1, -1, -1, -1, -1, 1, 0], [1, -1, 1, 1, -1, -1, 1, 1], [1, 1, -1, -1, -1, 1, 1, 1], [1, 1, 1, -1, 1, 1, 1, 1], [1, 1, 1, 1, 1, -1, 1, 1], [0, 1, 1, 1, -1, -1, -1, 1], [0, 1, 1, 1, 1, 1, 1, 1], [0, 0, 0, 1, 1, 1, 1, 1]]]
Use Time: 0.002668142318725586, This step timeout is False
The candidate list of user is: [(7, 7), (7, 7)]
Chessboard output is: 
[[-1 -1 -1 -1 -1 -1  1  0]
 [ 1 -1  1  1 -1 -1  1  1]
 [ 1  1 -1 -1 -1  1  1  1]
 [ 1  1  1 -1  1  1  1  1]
 [ 1  1  1  1  1 -1  1  1]
 [ 0  1  1  1 -1 -1 -1  1]
 [ 0  1  1  1  1  1  1  1]
 [ 0  0  0  1  1  1  1  1]]
-----------------
Chessboard input is: 
[[-1 -1 -1 -1 -1 -1  1  0]
 [ 1 -1  1  1 -1 -1  1  1]
 [ 1  1 -1 -1 -1  1  1  1]
 [ 1  1  1 -1  1  1  1  1]
 [ 1  1  1  1  1 -1  1  1]
 [ 0  1  1  1 -1 -1 -1  1]
 [ 0  1  1  1  1  1  1  1]
 [ 0  0  0  1  1  1  1  1]]
['12011014', '-1', '0', 6, 0, -1, [[-1, -1, -1, -1, -1, -1, 1, 0], [1, -1, 1, 1, -1, -1, 1, 1], [1, 1, -1, -1, -1, 1, 1, 1], [1, 1, 1, -1, 1, 1, 1, 1], [1, 1, -1, 1, 1, -1, 1, 1], [0, -1, 1, 1, -1, -1, -1, 1], [-1, 1, 1, 1, 1, 1, 1, 1], [0, 0, 0, 1, 1, 1, 1, 1]]]
Use Time: 0.0440826416015625, This step timeout is False
The candidate list of user is: [(0, 7), (5, 0), (6, 0), (7, 1), (7, 2), (0, 7), (6, 0)]
Chessboard output is: 
[[-1 -1 -1 -1 -1 -1  1  0]
 [ 1 -1  1  1 -1 -1  1  1]
 [ 1  1 -1 -1 -1  1  1  1]
 [ 1  1  1 -1  1  1  1  1]
 [ 1  1 -1  1  1 -1  1  1]
 [ 0 -1  1  1 -1 -1 -1  1]
 [-1  1  1  1  1  1  1  1]
 [ 0  0  0  1  1  1  1  1]]
-----------------
Chessboard input is: 
[[-1 -1 -1 -1 -1 -1  1  0]
 [ 1 -1  1  1 -1 -1  1  1]
 [ 1  1 -1 -1 -1  1  1  1]
 [ 1  1  1 -1  1  1  1  1]
 [ 1  1 -1  1  1 -1  1  1]
 [ 0 -1  1  1 -1 -1 -1  1]
 [-1  1  1  1  1  1  1  1]
 [ 0  0  0  1  1  1  1  1]]
['12011014', '-1', '0', 5, 0, 1, [[-1, -1, -1, -1, -1, -1, 1, 0], [1, -1, 1, 1, -1, -1, 1, 1], [1, 1, -1, -1, -1, 1, 1, 1], [1, 1, 1, -1, 1, 1, 1, 1], [1, 1, -1, 1, 1, -1, 1, 1], [1, 1, 1, 1, -1, -1, -1, 1], [-1, 1, 1, 1, 1, 1, 1, 1], [0, 0, 0, 1, 1, 1, 1, 1]]]
Use Time: 0.0009915828704833984, This step timeout is False
The candidate list of user is: [(5, 0), (5, 0)]
Chessboard output is: 
[[-1 -1 -1 -1 -1 -1  1  0]
 [ 1 -1  1  1 -1 -1  1  1]
 [ 1  1 -1 -1 -1  1  1  1]
 [ 1  1  1 -1  1  1  1  1]
 [ 1  1 -1  1  1 -1  1  1]
 [ 1  1  1  1 -1 -1 -1  1]
 [-1  1  1  1  1  1  1  1]
 [ 0  0  0  1  1  1  1  1]]
-----------------
Chessboard input is: 
[[-1 -1 -1 -1 -1 -1  1  0]
 [ 1 -1  1  1 -1 -1  1  1]
 [ 1  1 -1 -1 -1  1  1  1]
 [ 1  1  1 -1  1  1  1  1]
 [ 1  1 -1  1  1 -1  1  1]
 [ 1  1  1  1 -1 -1 -1  1]
 [-1  1  1  1  1  1  1  1]
 [ 0  0  0  1  1  1  1  1]]
['12011014', '-1', '0', 0, 7, -1, [[-1, -1, -1, -1, -1, -1, -1, -1], [1, -1, 1, 1, -1, -1, 1, 1], [1, 1, -1, -1, -1, 1, 1, 1], [1, 1, 1, -1, 1, 1, 1, 1], [1, 1, -1, 1, 1, -1, 1, 1], [1, 1, 1, 1, -1, -1, -1, 1], [-1, 1, 1, 1, 1, 1, 1, 1], [0, 0, 0, 1, 1, 1, 1, 1]]]
Use Time: 0.007076263427734375, This step timeout is False
The candidate list of user is: [(0, 7), (7, 1), (7, 2), (0, 7)]
Chessboard output is: 
[[-1 -1 -1 -1 -1 -1 -1 -1]
 [ 1 -1  1  1 -1 -1  1  1]
 [ 1  1 -1 -1 -1  1  1  1]
 [ 1  1  1 -1  1  1  1  1]
 [ 1  1 -1  1  1 -1  1  1]
 [ 1  1  1  1 -1 -1 -1  1]
 [-1  1  1  1  1  1  1  1]
 [ 0  0  0  1  1  1  1  1]]
-----------------
Chessboard input is: 
[[-1 -1 -1 -1 -1 -1 -1 -1]
 [ 1 -1  1  1 -1 -1  1  1]
 [ 1  1 -1 -1 -1  1  1  1]
 [ 1  1  1 -1  1  1  1  1]
 [ 1  1 -1  1  1 -1  1  1]
 [ 1  1  1  1 -1 -1 -1  1]
 [-1  1  1  1  1  1  1  1]
 [ 0  0  0  1  1  1  1  1]]
['12011014', '-1', '0', 7, 0, 1, [[-1, -1, -1, -1, -1, -1, -1, -1], [1, -1, 1, 1, -1, -1, 1, 1], [1, 1, -1, -1, -1, 1, 1, 1], [1, 1, 1, -1, 1, 1, 1, 1], [1, 1, -1, 1, 1, -1, 1, 1], [1, 1, 1, 1, -1, -1, -1, 1], [1, 1, 1, 1, 1, 1, 1, 1], [1, 0, 0, 1, 1, 1, 1, 1]]]
Use Time: 0.0005931854248046875, This step timeout is False
The candidate list of user is: [(7, 0), (7, 0)]
Chessboard output is: 
[[-1 -1 -1 -1 -1 -1 -1 -1]
 [ 1 -1  1  1 -1 -1  1  1]
 [ 1  1 -1 -1 -1  1  1  1]
 [ 1  1  1 -1  1  1  1  1]
 [ 1  1 -1  1  1 -1  1  1]
 [ 1  1  1  1 -1 -1 -1  1]
 [ 1  1  1  1  1  1  1  1]
 [ 1  0  0  1  1  1  1  1]]
-----------------
Chessboard input is: 
[[-1 -1 -1 -1 -1 -1 -1 -1]
 [ 1 -1  1  1 -1 -1  1  1]
 [ 1  1 -1 -1 -1  1  1  1]
 [ 1  1  1 -1  1  1  1  1]
 [ 1  1 -1  1  1 -1  1  1]
 [ 1  1  1  1 -1 -1 -1  1]
 [ 1  1  1  1  1  1  1  1]
 [ 1  0  0  1  1  1  1  1]]
['12011014', '-1', '0', 7, 2, -1, [[-1, -1, -1, -1, -1, -1, -1, -1], [1, -1, 1, 1, -1, -1, 1, 1], [1, 1, -1, -1, -1, 1, 1, 1], [1, 1, 1, -1, 1, 1, 1, 1], [1, 1, -1, 1, 1, -1, 1, 1], [1, 1, -1, 1, -1, -1, -1, 1], [1, 1, -1, -1, 1, 1, 1, 1], [1, 0, -1, 1, 1, 1, 1, 1]]]
Use Time: 0.0022301673889160156, This step timeout is False
The candidate list of user is: [(7, 1), (7, 2), (7, 1), (7, 2)]
Chessboard output is: 
[[-1 -1 -1 -1 -1 -1 -1 -1]
 [ 1 -1  1  1 -1 -1  1  1]
 [ 1  1 -1 -1 -1  1  1  1]
 [ 1  1  1 -1  1  1  1  1]
 [ 1  1 -1  1  1 -1  1  1]
 [ 1  1 -1  1 -1 -1 -1  1]
 [ 1  1 -1 -1  1  1  1  1]
 [ 1  0 -1  1  1  1  1  1]]
-----------------
Chessboard input is: 
[[-1 -1 -1 -1 -1 -1 -1 -1]
 [ 1 -1  1  1 -1 -1  1  1]
 [ 1  1 -1 -1 -1  1  1  1]
 [ 1  1  1 -1  1  1  1  1]
 [ 1  1 -1  1  1 -1  1  1]
 [ 1  1 -1  1 -1 -1 -1  1]
 [ 1  1 -1 -1  1  1  1  1]
 [ 1  0 -1  1  1  1  1  1]]
['12011014', '-1', '0', 7, 1, 1, [[-1, -1, -1, -1, -1, -1, -1, -1], [1, -1, 1, 1, -1, -1, 1, 1], [1, 1, -1, -1, -1, 1, 1, 1], [1, 1, 1, -1, 1, 1, 1, 1], [1, 1, -1, 1, 1, -1, 1, 1], [1, 1, -1, 1, -1, -1, -1, 1], [1, 1, 1, -1, 1, 1, 1, 1], [1, 1, 1, 1, 1, 1, 1, 1]]]
Use Time: 0.0004699230194091797, This step timeout is False
The candidate list of user is: [(7, 1), (7, 1)]
Chessboard output is: 
[[-1 -1 -1 -1 -1 -1 -1 -1]
 [ 1 -1  1  1 -1 -1  1  1]
 [ 1  1 -1 -1 -1  1  1  1]
 [ 1  1  1 -1  1  1  1  1]
 [ 1  1 -1  1  1 -1  1  1]
 [ 1  1 -1  1 -1 -1 -1  1]
 [ 1  1  1 -1  1  1  1  1]
 [ 1  1  1  1  1  1  1  1]]
-----------------
Winner is -1